17026500
17268000
17268000
16972000
17001000
16971000
17488500
16960000
16999500
16966500
17242500
16994500
17056000
17239000
17008000
17216500
17143500
17028500
17490500
17201000
16962500
17006000
17028500
17262500
17469000
17914500
17291500
17000000
17276000
17005000
16929000
17234000
17055500
17023500
17027000
17019500
17005000
17034000
16942000
16957500
17291500
17026000
17300500
16931000
16981000
17239000
17033000
17570000
16975000
17692500
16985000
17519000
17491000
17250500
17161500
17047000
17040000
17241000
17508500
17022500
17039000
17048500
16997500
16991000
17277000
17487500
17041000
16950000
17002500
17042500
17516500
17220500
16975500
17006500
17006500
17540000
17005500
17258500
17000000
17035000
16998000
17257000
17210500
16953000
17276000
17212500
17287000
17048500
17253000
16983500
17318500
17257500
16961000
16989000
17249500
16998000
17062500
17448000
17026000
16969500
17752500
16978000
17203000
17264500
17015000
17316500
16983000
17008500
17297000
17564000
16970000
17514000
17204500
17266500
17015500
17247500
17235000
17329000
17007000
17006500
17047000
17005000
17007000
17241000
17043500
17346500
16995500
17009500
17483500
17229000
17045000
17022500
17020000
17041500
17460000
17004000
17254500
17422500
17407500
16973500
17080000
17078000
17016500
17520000
17053500
16998000
17270500
17021500
17193500
17256000
17237000
17018500
17508500
17007000
17000000
17044000
17275000
16980500
17024000
17011000
17028000
17022500
17244000
16969500
16944500
17221500
17441500
16947000
17274000
17031500
17298500
16959500
17228500
16991500
17020500
16942500
17253000
17062500
17271500
17018000
17031000
17243000
16974000
16972000
17266500
17034000
17322000
17298500
17028500
17228000
16963000
17049000
16946500
17292500
17041000
17197000
17233500
16963500
17193000
17564500
17548000
16977500
17514500
17181000
16984000
17293000
16924000
17255000
17033500
17017000
16998000
17018500
17008000
17293000
17222000
17251500
17060000
16976000
16936000
17028000
17091500
17040500
17197500
17229500
17025000
17033500
17017000
16993500
17218500
16973500
17057000
17259000
17259500
17282500
17020000
17207000
17262000
17020500
17571000
17230500
16974500
17513500
17261500
17523500
17572000
17042500
16992500
16987500
17248000
17220000
17504000
17042000
16959500
17209000
17026000
17264000
17503000
16984500
16993500
17200000
17076000
17258000
17192000
17015500
16999000
16914500
17020500
17044500
16967500
17273000
17524500
16977500
17271000
17276500
17229500
17327500
17202000
17005500
17025000
17035500
16983000
17043000
16984500
16946000
17030500
17336500
17223500
17013000
17224000
17234500
17003000
17003000
17030500
17016000
17445000
17110500
17275000
17007000
17009500
16938000
17018500
17264000
16979000
17080000
17021500
17032000
16983500
17062000
17252500
16933500
17437000
17085500
17254500
16938500
17045000
16983500
17304000
17301500
17007000
17011500
17240500
17058500
17528000
17460000
16980500
17228500
16996000
16981500
17005500
16976000
16949500
17045500
17007000
16978500
17022000
16979500
17223500
16994000
16995000
16985000
17506500
17011000
17251000
17332500
17186000
17271000
17071000
16985000
16945000
17050000
17178000
17052500
17011500
17029500
17276500
17280000
16979000
17057500
17017500
17001000
16905500
17230500
16960500
16989000
17218500
17273000
17254000
17017500
17033000
17013000
16989000
16975000
16959500
16965500
16978000
17527000
16979500
17011500
16967500
17251000
17240500
16983500
17256500
16994000
17219000
17037000
16988000
17007500
16997500
17204500
17557500
17007500
17269000
17247500
16995000
17297000
16983500
17002500
17011000
17251000
17037500
16998500
16987500
17223500
17227000
17444000
17216500
17266500
17218000
17238500
16933000
17245500
17005000
17004000
17003500
17062000
17207500
16987000
17077500
17248500
17512000
17246500
17180500
17014500
17245000
16936500
16979500
17241500
17306000
17048000
17069000
16998500
17014000
16987000
17322500
17007000
17232500
17004500
17274500
17229500
17284500
16984000
17058500
17243000
17009000
17483500
16996000
17270000
16962500
17020000
17200500
17005500
17241000
17509500
16979500
17462500
16921500
17268500
16997500
17271000
17211500
17525000
16982500
17012000
17311500
16991000
17283500
17006500
16989500
17047000
17022000
17299000
17217500
17545000
17020500
16985000
17474500
17223000
17260000
17024500
17024500
16918500
16989500
16968500
17033500
17003500
16980500
16961500
17025500
16981000
17189500
17022500
16980000
17091500
17012500
16961000
16935000
16985500
17201000
16995500
17129500
16979000
16967000
17268500
17327000
17012000
17113000
16996000
17235000
17241500
16997000
17025500
17027000
17234500
17014000
16995500
17219500
17026500
17486000
17084500
17494000
17073500
16998000
17045000
16979000
16972000
17016000
17075000
17438500
17033000
17244500
17237000
17545500
16971000
17041000
17178500
17218000
17258000
17037000
16981000
17236500
17256000
17085500
17337000
16961000
17274500
16951500
16992000
17270000
17008500
17239500
17344000
17022000
16988000
17042000
17239500
17278500
17002000
17028000
17000000
17025000
17277500
17256000
17018500
17234000
17278500
17054000
17005000
17269500
16993500
17200000
16978500
16998000
17536500
17500500
16999000
17028500
17012000
17053000
16996500
16996000
17005000
16948500
17083500
17071000
16977000
17457500
17044000
16983500
17199500
17045500
17270000
16992000
16986000
17045500
17043000
16974500
17225500
16969500
17266000
16954000
16996500
17033000
17248000
17001000
17251500
17022000
17073500
17029000
17030000
17017000
17298500
16984000
17027000
17276500
17017000
17036000
16995000
17264500
16992500
16997000
17253500
17484000
17030500
17038000
17045500
17094000
17539500
17029500
16974500
17663000
16975000
17060000
17042000
16980000
16988000
17271000
16997500
17036500
17018500
17037500
16958500
17205500
16939000
17275000
17043500
17024500
17529500
17315500
17244000
17213000
17226500
17241500
16989000
17325500
16969500
17239500
17264000
17008000
17278500
17274500
17042500
17299000
17231000
17285000
17260500
17493000
17295500
17032000
16960500
16930000
16990000
16959000
16996000
17006000
17208500
17258000
17426500
17481000
17270500
17234500
17502500
17096500
16956000
16984500
17465500
17061500
17062500
17260500
17484000
17184000
16993000
17069500
17023500
17066000
16997500
17100000
17258000
17265500
17239500
17058000
17239000
16965500
16993000
17013000
17256500
16962000
17079000
17213500
16997500
16972000
17036000
17258500
17030000
17258500
16993500
16973500
17031000
17786000
16991000
16988000
17242000
16982000
16964000
16926500
17181000
17257000
17016500
17048000
17043500
17062000
17028500
17198000
17479000
16988000
17250500
16996000
17049000
17017000
17038500
16994000
17278000
16947500
17008000
17005000
16985500
17716000
17252000
17284500
17200000
17302500
17007500
16997000
17031000
16991500
17004500
17212500
17045500
17230500
17031000
17012500
17273000
17260500
17038500
17021500
17030500
17263000
17045000
17015500
17241000
17206000
17237000
17042500
17212000
16994500
17254000
17508000
17032500
16959500
17070000
17034000
17006500
17054000
17054000
17011500
17480000
17011500
17262000
17050500
17224500
17057000
17229500
16957000
17017500
17037500
17235000
17299000
17225500
17015000
17268000
17814500
16972500
16919500
16977500
17449000
17029500
17018000
17350500
17032500
17039000
17242000
17332000
17723500
16966500
17469500
16965500
17016500
17187500
16968000
16998000
17040000
17260000
17243000
17558500
16982500
17208000
17006000
17224000
17210000
17179000
17033500
17539000
17060000
17277500
17300500
17035000
17244000
17009500
17235000
17323500
17045000
17279000
17015000
17235000
16979000
17478500
17001000
17001000
17073500
17477500
17475000
17088000
17248500
16992500
17251500
17020500
17064500
16944500
17199500
17078000
17058000
17307500
17281000
16998500
17484000
16980500
17039500
17006500
17029000
17498500
16994500
17548500
17238500
17020500
17002000
17287500
17245500
17014500
17042500
17012000
16987500
16950000
17273500
17253000
17215000
17042000
17290000
16946500
16967000
17232500
17273500
17002500
16994000
17519500
17007500
17021500
17063500
17014500
16970500
16973000
16955000
17212000
17261000
17056000
17208000
17470000
17201500
16934000
17185500
17509000
17032000
16984000
16973500
17275000
16981500
17595000
17260500
16999500
16956500
17304500
17276500
16976500
16950000
16965000
17456000
17050500
17290500
17466500
17272000
17307500
17532000
17095000
17263500
17260000
16959500
16960000
17143000
16981000
16971000
17238000
17025000
16987500
16967500
17212000
17256500
17564500
17039000
17322500
17287000
17167500
17298000
16980000
17003000
17049000
17217500
17017500
17260500
17014000
16942000
17503000
16899000
17256000
16997000
17010000
17222500
17273500
17458000
17279500
17074500
16968500
17283500
16992500
17019000
17277500
16961000
17234500
17492500
16967000
16997000
17016000
17002000
17247500
17070000
17039000
17025000
17014500
16970000
17271500
17028000
17000000
17005500
17270500
17287500
17095500
16999000
17178500
17049500
17026000
17001500
17484000
17540000
17004500
17020000
17282500
17554500
17261500
17064000
17029000
17225500
17209000
16984000
17039000
17279000
16948000
17020500
17212500
17001000
17518500
17209500
17001500
17258500
17164500
17016500
17263500
17004500
17499000
17086500
17271000
16991500
17049500
17224000
17029000
16992500
16988000
16997500
17008500
17007000
17267500
17049000
17252000
17001500
17022000
17277000
17196000
16958000
17465000
16959500
17042000
16983000
17192000
16987500
16999500
17261500
16954000
17008000
17235500
16998000
17216000
17286500
17047500
17260500
17550000
16955000
17236000
17024500
16938000
17030000
17279000
17020000
17004500
17256000
16925000
17296500
17223500
17012000
17320000
17025500
17254500
16981000
16972500
17028500
16966000
17755500
17254500
17340000
17044500
16948000
16995500
16939500
17281500
16975000
17280500
16981500
16953500
17219500
16979500
17050000
16978000
17227500
17004500
16979500
17440500
17272500
17019500
16964000
17011500
17212500
17510000
17039000
16954000
16956500
17010500
17257000
16995500
16928500
17364500
16937000
17003000
16998000
16986000
17198000
17002000
17256000
17003000
16951000
17271500
17017000
17272000
17034000
17016500
16961500
16962500
17063500
17078000
17014500
17278500
17325000
16953000
17458500
17235000
17210000
16938500
17279500
17260500
16962500
17237500
17017500
17018500
16931000
17314500
17284000
17006000
17035500
17261000
17040500
17076000
17028000
16986500
17012500
16976500
17280000
17203000
17276500
17039500
17244000
17021500
17019500
16938000
17056500
17342500
16962000
16971000
17082500
17251000
17034000
16975000
17273500
17052500
17475500
17033000
17259000
17511000
17332000
17060500
17012000
17553000
17290000
17014000
16981500
17009000
17092000
17037000
16998000
17034000
17465500
17254500
17017500
16969000
17010500
17020500
17286500
16994000
17234500
17013000
16991000
17263500
17030500
16970000
17273500
17025000
17001000
17018500
17262500
17230000
17034000
16979500
16984500
17301000
16953000
17090500
17016500
17298500
17249000
17004000
17275500
17259000
17262500
16965500
17222000
17056500
17266000
17241500
16972000
17336000
16969000
17114000
16984500
16967000
16976000
17003000
16992000
17028000
16983500
17298000
16968000
17252000
16937500
17069500
16998500
17242000
17506500
17245000
17273000
17048500
17015000
17253000
17019500
17229500
17021500
17286000
17043000
17501500
16986500
17036000
17226500
17193000
17237500
16963500
16982500
17518500
16971500
17278000
17208000
16972500
17064000
16981000
17010500
17321500
17216000
17247500
17025000
17237500
17266500
17000000
16977500
17036000
16949500
16996000
17264500
17238500
17027000
17049500
17022500
17036000
16995000
17261500
17011500
16953500
16967000
16876000
17259500
17031500
17024000
17200500
17279500
17233500
17341000
17034500
17271500
16996000
17020500
17092000
17058500
16950500
17012500
17027500
17237000
17217000
17269500
17027500
17001000
17285000
17005000
16995500
17572500
17254500
16989500
16967000
16995500
17021500
16989500
17026500
17532500
16986000
17236500
17026500
17273000
17220000
16966000
16990500
17591000
17259500
17021000
16992000
17522000
16982500
16939500
17025000
16991500
17300000
16995000
17245500
17054500
17280000
17001000
16994000
17052500
16976500
16977500
17285500
17271500
17355500
17024000
17507500
17206000
17039500
16943000
17000000
17254000
17098000
17304500
17072500
17006500
17177500
17245000
16939500
17053000
16999500
17045500
16938000
17247500
17214000
16999500
17008500
17046500
17240500
16987500
16982500
17229000
17214000
17005000
17001500
16984000
17019000
16934000
17021500
17261500
17009500
16995000
17227500
17464500
16997000
17075500
17240500
17039500
17196000
17542500
17231500
17020000
17302500
17012500
17071000
17231000
17070000
17265500
17033000
17278500
16993500
17261500
17026000
17221500
17032500
16982000
17735500
16963500
17216500
17274000
17434000
17001000
17475500
17038500
17024000
17071000
17198000
17235000
17280500
17238000
17000000
16978500
17180500
17217000
16972000
17018000
17023000
16998500
17071000
16967000
17288000
17056500
16952500
16995000
17252500
17061500
17267500
17020500
16960500
17236000
17031500
17498000
17026500
17284500
17048500
17030500
17483500
17045000
17062500
16997000
17280500
16968500
16942500
17689500
17285500
17277500
17217500
17277500
17010000
17256500
16956500
17243500
17248500
17009500
17057500
17020500
17021500
17042500
17250500
17019000
17313500
17293000
17129000
17062500
17181500
16958000
17083000
17015500
17275000
17017500
17256000
16950500
17265500
17260000
16959500
16997500
17052500
17074000
17250500
17085000
17020500
16940500
17066000
16949500
17489500
16998500
17070000
17207500
17284500
17036000
17252500
17041000
16968000
16972000
17243500
17525000
17257000
17045000
17053500
17279000
17039000
16999500
17284500
16999000
17571000
17269000
17012500
17113000
16987500
17018500
17005000
16997000
17252000
17052500
17057000
16989000
16961000
17220000
17237500
16966500
16984500
17045500
16989000
17225500
17069500
17307000
16963500
16987500
17011000
17255000
17029500
16993000
16997500
16988500
16984000
17296500
17011000
17326500
16990500
17244000
16989500
16975500
17037500
17036500
17238500
16955000
17294500
17297000
16983500
17280000
17259500
17052500
16979500
16983500
17308500
17061000
17010000
16998500
17709500
17593500
17180500
16988000
17288500
16993500
16976000
17534000
17000500
17040000
17017000
17034500
17017500
17277000
17223000
17029500
17268000
17222500
17276000
17277000
17257500
17016500
17512500
17012000
17221500
16994500
17262500
16953000
16957500
17754000
16998500
17245000
16973500
17252500
17216000
17008000
16979500
17282500
16960000
16970000
17088000
16990500
16951500
16992500
17291500
17271000
17000500
16981500
17003500
17248000
17516500
17242500
17229000
17207000
17252000
16991000
17012000
17028500
16984000
16952000
17250500
17013500
17054000
16993500
17291500
16974500
16969000
17099500
16970500
17078500
17034500
17184500
17484000
16971500
16973500
17012500
17001500
17228000
17009500
17243500
16999000
16972000
17006000
17050000
16946000
17571000
17219500
16953500
16982500
16981500
17007000
17274500
16992000
17246500
16932000
17284500
17255500
17214500
17285000
17008000
17205500
17032500
17217000
17442500
17067000
16966000
17007000
17256500
16987000
16945000
17545000
17216000
17310500
17320500
17300500
17015000
17029500
16979000
17216000
17197500
17510000
16998500
17218000
16994500
17540000
16953000
17048000
17490000
16962500
17198000
17005000
17291000
16985000
16964500
17051000
16969000
17078000
16995500
16997000
16990500
17054500
17263000
17421500
17040500
17013500
17228500
17287500
16996500
17002000
17254500
17047500
17227500
17006000
16979000
16990500
17062500
17236000
17007000
17077500
17041500
17311000
17526500
17069500
17035000
17217500
17313000
17196500
17263500
16961500
16919500
17210500
16970500
17054000
16981500
17021000
17014500
17256500
17002000
17004500
17017000
17067000
17365000
17122500
16979000
17249000
16990000
17026500
17008500
17016500
17033500
16969500
17295500
17035000
17294500
16969500
17217000
17010000
17229500
17042500
17468500
17050500
16978500
17022000
17038000
17041000
17259000
17211000
17033000
17256000
16976500
17266000
17070000
17247500
16989500
17259500
17065000
17022000
16985500
17024000
16949500
17499000
16971000
16991500
17069500
17082500
17011000
17263000
17218000
17584000
17013500
17249500
17202500
17258000
16993500
16998000
17453000
16976000
16956500
17027500
17267500
16990000
17035000
16991000
17247000
16985500
16987000
17047500
17051500
17011000
16926500
17003500
16965500
17230500
17025000
16998500
17035000
16989000
17293000
16990500
17257000
17051500
17047000
17034500
17047000
17035500
16928500
17009000
17228000
16993000
17007500
17185000
17254000
17227500
17181500
17036000
17070000
17018500
17205500
17463000
16981500
16981500
17179500
17255000
17268500
17226500
17265500
17021500
17049000
17300000
16942500
17182500
16991500
17002000
16965000
17441500
17043000
17011000
16935500
17255500
17000500
17206000
17021500
17029000
17279500
16880000
16941000
17286000
17254500
17251000
17267500
17004000
17272000
17003000
17266000
17238500
17002500
16992000
17516500
17235500
17557000
16962500
17216000
16985000
17286000
17555000
17423000
16928500
17284500
16996500
17008500
17184500
17201500
17194000
17065500
17229000
17039000
16983000
17255500
17294500
17271500
17279000
17267500
17046000
17017500
17294500
16964000
17447000
17324000
16954000
17258500
17070000
17241500
17511500
16997500
17020500
17255500
17241500
17060000
16973000
16982500
17199500
17562500
17291500
17499500
16991000
17025500
17058000
16980500
17017500
17278500
16891000
17559500
17037500
17190500
17320000
17219000
16979500
17065000
16985000
16974000
17183000
17272000
17287000
17762500
17231000
17006000
16967500
17036500
16896000
17256500
16997000
17032500
17003500
17269500
17318000
17097000
16968500
17247500
17276000
17031500
17311500
17227000
16985500
17221000
17250500
17260000
17033000
17534000
17237500
17214000
16992000
17237000
17261500
17653500
17013500
17274500
17226000
16977000
16971000
16972500
17525500
17034000
17255500
17214000
17045000
17262500
17221500
17260000
16992000
17007500
17162000
17264000
17001500
17252000
17035000
16925500
17296500
17264500
17084500
17011000
17440000
16983000
17235000
17296000
16966000
17034500
16942000
17003500
17011000
17005500
17056000
17200000
17173000
17267500
16990000
17471500
16977000
16975500
17079000
17321000
17020500
16877500
17264500
17575000
17287000
16946000
17035000
16999500
16955000
17069000
16966000
16938000
17272000
17023000
16964500
17219500
17236500
17261000
17235500
16956000
17045000
17034500
17011000
17243000
17472000
17287500
16993000
17009500
16974500
17003500
17042000
16998000
17043500
17205000
17246000
16965500
16965500
16944500
17029000
17518500
17028500
17241500
17013500
17271500
17309000
17306000
17017500
17030500
16996500
17103500
17261500
16991500
17043000
16965000
17117500
17022500
16924500
17008500
17030000
17105000
16981000
17014000
17208000
17200500
17013500
17287500
17186500
17230500
17040000
16944000
16973000
17098500
17715500
17051500
17248500
17283000
17251000
16988500
17045000
17564000
16987000
17041500
17006000
17201500
17043500
17051500
17414000
17037500
17544000
17245500
17290000
17486000
16987500
17079500
17051500
17224000
17025500
17027500
16982000
17003500
17242500
17488500
17298000
17027500
17117000
16984500
17491500
17449000
17251500
17217500
17247000
17059500
17014500
17280000
17224000
17029500
17195000
17231500
16972000
17005500
17247500
17009000
16946000
17017000
17019000
17028000
17526500
17021000
17027500
17301500
16989500
17011500
17031500
16970000
17263500
17070000
17520500
17054500
16981500
17302500
16964500
16991500
17187500
17295500
17249500
17254000
16992500
17228000
17256000
17044000
17007000
17255500
17243000
17019500
17294000
16985500
16976500
17243500
17189000
17023500
17048000
17033500
17014000
17312000
17260000
17188500
17035000
17014000
17061000
17208500
17053500
17532500
17249000
16971000
17262500
17245500
17247000
17530000
16960000
17211000
17052500
17268000
17016500
17185500
17031500
17258000
17531500
16940000
17016000
17079000
16934000
17018500
17014500
17042500
17705000
17304000
17237000
17187500
17034500
17233000
17017500
17028500
17593000
17225500
16985500
17041500
16972500
17280000
17018500
17008000
16995500
17283500
17002000
17240000
17292000
17234000
17739500
17024500
17024000
17295500
17251000
16981500
17218000
17049500
17250500
17210500
17264500
17018500
16987500
17074500
16967500
17012000
17015500
17063500
17269000
16979000
17012000
17234500
16978000
17093500
16983500
16962500
17240000
17275500
16988500
17056500
17206000
16983500
17062000
17022000
17001000
17088500
17004000
17254000
17010000
16923000
17225500
17279000
17061000
17318500
17009000
17263000
17201000
16970000
17250000
17001000
17023500
16967000
17176000
16982500
16995500
17223500
17200000
16945500
16981500
17257500
16989500
17042000
16984500
17026500
17021500
16990000
16972000
17086000
17534500
17030500
16990500
17011000
17018000
17247500
17036000
17231500
17239500
16987500
17259000
17009500
17554500
17021500
17490000
17065500
17278000
17231000
16968500
17038500
17225500
16972000
17012000
16921000
17019000
17497500
17291500
17015500
17044000
17007500
17012500
17072000
17512500
17008000
17290000
17161000
16966500
16970000
17231000
16999500
17057500
17514000
17249500
17241500
17487500
17031500
17006000
17123500
16986500
17178500
17043500
16953000
17256500
16986000
16959500
17029000
17228500
16970000
17233500
16953000
17051000
16934500
17269000
17170000
17003000
17253000
17032000
16965000
17259500
17010000
17188500
17229000
16976500
16984500
17077000
17228000
17312000
16974000
17222500
17073000
16892000
17022000
16969000
17032500
17273500
17469500
17263500
17323000
16984500
17027500
17036500
16975500
17033000
17067500
17038000
17035000
17025000
17513000
17202500
17299000
16980000
17217000
17306500
17025000
16977000
17267500
16949000
17004000
17080500
17016500
16989000
17295500
17073000
17237000
16994000
17288500
17309000
17008500
17021000
17446500
17015500
16986000
17047500
17056500
17436000
17076000
17055500
17012500
17227000
16985500
16965000
16985500
17248500
17014000
16945500
17006500
17035500
16976500
17273500
17069500
17276500
17199500
17046500
16965000
17446500
17098500
17045000
17015000
16965000
17288000
17055500
16976500
17266500
16994000
17221500
17028000
16973000
17032000
17211500
17213000
17218000
17050500
17253500
17050000
16977000
17025000
17221500
17247500
17066000
17239500
17499000
17270500
17001000
17166000
16993000
17011000
17012000
17037500
17028000
17034000
16963000
16990500
17031500
17046500
16923500
17024500
17276000
16963000
16973000
17311000
16963500
17235500
17237500
16979500
17198000
17252000
17754000
16964000
16985500
17226500
17061000
17090000
17006500
16969000
17218000
17255500
17848000
16990000
16988500
17228500
17532500
17268000
17028500
17519000
16993500
16997000
16998500
17006000
17332500
17265500
17460000
17267500
17279000
17242000
16986500
17026000
17020000
16987000
16988000
17028500
17253000
16970500
17003500
16978500
16991000
17056500
16955000
17225500
16978000
17011000
17240000
16984000
17268500
17197000
16998000
17013500
17036500
17213000
16985000
17019000
16983500
17033000
17299000
16963500
17025500
17033000
17026500
17011500
16971500
17049500
17026000
17049000
16991500
16991500
17058500
17232000
17044500
17451500
17016500
17232000
17015000
16990000
17238500
17291000
17256000
17050500
16993500
17024000
17280000
17213500
16992500
17249000
17252000
17050500
17337000
17235000
17034000
17487500
17235000
17054000
16965500
17011000
17020500
17160000
17043000
17020500
17263000
17060500
17010500
17242000
17085500
17211500
17236500
16995000
16975000
17008500
17245500
17139000
17231000
17269500
17245000
16986500
16956500
17278500
17021000
16961500
17313500
17054500
17514000
16987000
17241500
17285000
17232000
17001500
17215500
16997500
17096000
17018500
17026000
17048000
17022500
16973000
17016500
17047500
17524000
17570000
16966500
17279000
17220000
17542000
16997500
16988500
17007500
16980500
17241500
16994500
17244000
16989000
17207000
16990000
17050500
17279000
16948500
17086000
17057500
16993500
17026000
17492000
17221000
17239000
17283500
17011000
16962500
16938000
16956500
16999500
17020000
17025000
17335000
16995000
17021000
16974000
17255500
17249000
17014500
17001000
17240500
17039500
17226500
17003000
16996000
17036500
17012000
17513000
16949000
17021500
17180000
17040500
17229000
17048000
16978500
16933000
17473000
17239000
17007500
17247500
17031500
16996000
17038000
17255500
17277000
17010500
17273500
17176000
16990500
17011500
16949500
17026500
17323500
17492000
17050500
17014000
17216000
17013000
16963500
17188000
17025500
17679500
17065500
17301000
17314000
17278000
16968000
17000500
17022000
17114500
17065500
17027500
17019000
16999000
17258000
17272500
16983500
17258500
17456500
17317000
17479000
17532000
16984500
16989500
16974500
17084500
17196500
17008500
17242000
17061000
17298000
17314500
16973000
16970500
17022000
17033000
17018500
16996500
17006000
16981000
17003000
17063500
17016500
17052000
17222000
17551000
17075000
17027000
16998000
16963500
17040500
17017500
17018000
17501500
17043500
17290500
16974000
16965000
17301000
17265500
17001000
17053000
17012500
17275500
17254000
16958500
16960500
17281000
17214500
16934000
17319000
17253500
17232000
17274000
17011000
17292000
17035500
17310000
16978500
17311500
17010500
17022500
17040500
16942500
17497500
17049000
17050000
17144000
17234000
17040500
17034500
17233500
16982500
17241000
17234000
17221000
16950000
16990000
17282000
17269500
17161500
17173500
17255500
17288500
16993500
17176500
16981000
17002000
17306000
16997500
16994500
17056500
17534500
17070000
17201500
16995000
16966500
17484000
17044000
16998000
16904000
17004500
17245000
17282500
16986000
17020500
17479500
16963500
17288500
17208000
16968500
17306000
16974000
17237000
17472000
16998500
17019000
17150000
16962500
17316000
16997500
16993500
17003500
17535000
16979000
17015500
17082000
17007500
17033000
16984500
17039000
17013000
16970500
17062000
17194000
17225500
17579000
17029000
17243500
17012000
17266500
17006000
16976000
17059000
16970000
17203500
17017500
17239000
17072500
16995500
17016500
17035000
17014500
17015500
17026000
16994500
16991000
17307500
17023500
16992000
16951000
17063500
16984000
16954000
17243500
17008500
17087000
16980500
17018500
16982000
16956000
16896500
17008500
16998000
17235000
17289000
16988500
16986500
17222500
17219500
17200500
16939000
17296500
16971500
17023500
17036500
17487000
17021500
16949500
17539500
16993500
17055000
17281500
16974000
17508500
17181500
17043000
17062500
17264000
17037000
16975000
16934500
16983000
17028500
17103500
17172000
16993000
17029500
16945000
17012000
16997000
17313000
17061000
17030000
17226000
17010500
17014500
17021000
17276500
16998000
17191000
16933500
17004000
16897000
17226000
16916000
16928000
17292500
17164500
16969500
16991500
17072000
16984500
16985000
17316000
17062500
16949500
17019500
17067500
17236000
17038000
17012000
17035500
17243500
17278000
17259000
17008500
17032500
17034500
17037500
17049500
17007500
17442500
17046000
17448500
16993500
17028000
17046500
17593500
17014500
17203500
17009000
17037500
17235500
17018000
16954500
17000500
17036000
17546000
17246500
17029000
17056500
17038500
17247000
17010000
17234500
17310000
16985000
17043500
17000000
16981000
16971000
17055500
17016500
17024000
17252500
17208500
17017500
17043000
17021500
16971000
17036500
16995500
16975500
17003000
17025000
17238000
17045500
17012500
16952500
17002000
17018000
16951000
17013000
16941500
17266500
16988500
16974500
17266000
17228500
17231500
17227500
17260500
16989000
17020500
17261500
16992000
17645000
17298500
17573000
17075000
17027500
17268500
17285500
17002500
17505000
17193000
17261000
17054500
16999000
16959000
16979000
17185500
17283000
17205000
16970000
17634500
17285000
17018000
17213000
17541000
17205500
17252500
17033000
17226500
17228500
17026500
16958000
17013500
17059500
17030500
17016500
17001500
16942500
17232500
16997500
17042500
16998500
17282000
16969500
16999500
16983500
17026500
17050500
16969000
17264000
17058500
17029500
17013000
17032500
16994000
17509000
17291500
17052000
16942500
17297500
17232000
17000500
17294500
16929000
17027000
17020500
17510500
17070000
16939500
17025500
17505000
17506000
17007000
17201500
17047000
17194500
17008500
17002500
17295500
16961500
17026500
17251500
17223000
17284000
16958000
16963500
17274500
16983000
16997000
17191000
17282500
16989000
17225500
16975000
17229000
16991500
16918000
16977000
17001000
17269000
17017500
17024500
17291000
17511000
17033000
16996000
17227000
16973000
17217000
17269500
16966500
16930000
16929500
17065000
17006000
17011000
17228000
17489500
17255000
17013000
17276000
17237500
17044500
17211000
17017000
17265500
16926000
17240000
17250000
17009000
16983500
17003500
17756500
17311000
16999000
17036500
17535000
17002500
16962000
17060000
17302500
17036500
16930500
17250500
17035000
17202000
17255000
17419000
16995500
17030500
17002000
17028500
16926000
17218500
17021000
16995000
17095500
17223500
17298500
17034000
16922000
17023000
17040500
17034500
17273500
16984500
17075500
17236500
17216000
17058000
17032500
17277000
17072000
17073000
17026000
17020000
17214000
17216000
17469000
17225000
17051500
16999500
17034000
17016500
16967500
17018500
17315500
17264500
17261000
17020500
16973500
16991000
16929000
16946500
16948000
17204000
17294500
17037500
17002000
17213000
17231500
17002000
17248000
16988000
17505000
17157500
17016500
17012000
16999500
17020000
17185000
16941500
17088000
17023000
16966000
17205000
17260000
17071500
17020500
17044500
17398500
17026500
17030500
16994500
16987500
17230000
17312500
16990500
16964000
17069500
17015500
17477500
17268000
17298500
16998000
16949500
16998500
17054500
17269000
17190000
17246500
17017000
16982000
16995500
17223000
16990000
16991500
17237500
17554000
17045500
17241000
17234000
17243500
16959500
17007500
17014000
17032500
17234500
17230500
17265000
16999500
17032500
17002500
17266500
17223000
17006500
16984500
17276500
17188500
17049500
17023500
17030500
17277000
16981500
16986500
16979000
17076500
17273000
17163000
17017000
16952000
17024000
17081500
16998500
16979500
17009500
17245000
17251500
16974500
16972500
17571500
17517000
17026500
17246000
17015000
17042500
17238000
17002500
17008000
17223500
17033500
16974000
16991000
16964500
17237000
17049500
17247500
17069000
17199000
17057000
17270500
17239500
17035000
16995500
16964000
17176000
17239000
17055500
17056500
17022000
17235500
16993500
17290500
17048500
17035500
16951000
17556000
17018500
17274500
17446500
17031500
17026500
17219000
17299000
17024500
17050500
16995500
17196500
17248000
17018000
17273000
17010500
17285500
17558500
17243500
17005000
17523000
16953000
16990500
17263500
17034000
17037500
17256000
16994500
17254500
16965000
17337500
17213500
17027500
17024000
17284000
17247000
17310000
16991500
16990500
17023500
16977500
17004000
17000500
17234000
16937500
17230000
16975000
17230000
16942000
17017500
17144000
17605500
17528000
16992000
17265000
16990000
17248500
17019500
17284000
16985500
17065000
17291000
17007000
17533500
17220500
16927500
17001500
17017500
17001000
16972500
17006000
17001500
17250500
16992500
17058000
17025500
17261000
17188000
16947500
17248000
17264000
17260000
17245500
17471000
17785500
17292500
17148000
17292000
17059500
17544500
17518500
17266000
17026500
16976000
17171000
17289000
16952500
17280500
17241000
17253500
17246500
17661000
17043000
17061000
17073500
16957000
17286500
17036500
17016500
17208000
16971000
17034000
17009500
17010500
17063500
16989000
17250500
17008500
17016500
17477000
16936000
16971000
17251500
17038500
17711500
17271000
17040000
17269000
17256500
17001000
17266000
17071000
16969000
17027500
17257500
17435500
17232500
17021000
17229000
17013500
17210000
17039000
16985500
16931000
16930500
17542000
17237000
16993500
16996500
16982500
17007500
17254500
16996000
16963000
17235000
17252500
16948000
17269000
17047000
17258500
16999500
17509500
17172500
17576000
17043000
16997000
16938000
17017000
17027000
17223500
17027000
17064000
17025000
17257500
17046000
16994500
16968000
17033500
16986500
17001000
16993500
17520000
17006000
16997500
17005000
17023000
17006000
17212000
17057000
17561500
16980500
17086500
17291500
17066500
17300500
17017000
16951500
17023000
17221500
17529000
17036000
16953500
17041000
16963500
17727000
17011500
16974000
17041500
17519500
16992500
17301500
17489000
17264500
16952500
16969000
17036500
17268000
17014000
17177500
17037000
17064000
17055500
16998000
17035500
17010500
17007500
17005000
17499000
16954000
16916500
16988500
16991000
16988500
16968000
16994500
17007500
17233000
17209500
16983000
17454500
17031000
17027500
17249500
17016500
17048500
17488000
16951500
17070000
17004500
17008000
17008000
17242000
17203500
17044000
17299500
17209000
16994000
17013500
17246500
17259500
16960500
17021000
17229500
17545000
17207500
16958500
17297500
17021000
16969500
17197500
17236000
17252500
17017000
17056000
17225000
17016500
17032500
17188500
17249500
17300500
17248000
17067000
16993000
17078000
17311500
17056500
17290000
17086000
16952000
17285000
17033500
17028000
17473500
17723500
17003000
17013500
17272500
16993000
17253000
17039000
17049500
17261000
17137000
17009500
17225500
16949500
17203000
17239000
17030500
17529500
16989500
17008500
17534500
17006000
17238500
17012500
17251500
17040500
17236000
17077500
17048500
17003500
17534000
17282500
17020500
17265000
17241500
17032500
17314500
16946000
17037500
17332500
16996000
16969500
17006000
17283000
17016000
17230000
17013000
17300500
17027500
17263500
16986500
16996000
16993500
16977000
17016000
16976500
16940500
17260500
17258000
17042500
17242500
17221500
17061500
17235000
17217500
17060000
17091500
17225000
16964500
17239000
17244500
17041000
16936500
17252000
17050000
16980000
17027500
16994000
17495000
17187500
17045000
16999500
17044000
17456000
17014000
17191000
16973500
16991000
17540500
17239000
17064500
17269000
17001000
17008500
16963500
17577000
17013000
17021500
17026500
17227000
17062000
17051500
17327500
17021000
17446500
16966000
16981000
16978000
17253500
17552000
16970500
17024000
16996500
17012500
17234000
16980000
16971500
17025000
17012500
17009000
17241000
17021500
17075000
17288000
17509500
17473500
17507000
17297000
17021500
17249000
17246000
17032000
16984500
17206000
17018500
16998500
17232000
17303000
17290500
17025000
17026000
17031500
16960000
17008000
16962000
17531500
17503500
17022500
17037500
17000500
17018000
17018500
17247500
17272000
17217000
16993000
17235000
17269500
17005500
17206500
17234500
17268500
16958000
17159000
17231000
17011500
17016000
17218500
17046500
16964000
17014000
17053500
17210500
17050000
17044000
17314500
17246000
17246500
17215500
17230500
17072500
17361000
16985000
17042500
17280500
16985500
17018000
17023500
17531500
16969000
17496500
17246000
16945000
17269000
16984500
17516000
17318000
17253000
16972500
17487000
17038000
17124500
17030500
16963500
17020000
17031500
17691500
17737000
17292000
17245500
17014500
16979500
17265500
17003000
16998000
16971500
17556000
17000500
16970000
17272500
17033000
17203000
17046000
17278500
17256500
16979000
17235500
16975000
17054500
17292500
16990000
17016500
16926500
16962500
17690000
16997500
17272500
17281500
16966000
17282000
17010000
17016000
17054500
17042000
17040000
17277500
17014000
17283000
17245000
17234000
17461000
16995500
17296000
17029500
17008500
17078000
17060000
17020000
17007500
16934000
17237000
17303000
16956000
17009000
17297500
17032500
17025500
16983500
16978500
17329500
17004500
17017500
17008500
16957000
17020500
16986000
17515500
17057000
17501000
16972000
16943000
16960000
17239500
17045000
17018500
16999000
17226000
17022500
16964000
16975500
17035000
17004500
17294000
17464000
17280000
16967000
17095000
17265500
17286000
17035500
17022500
16958000
17060000
16997500
17255500
17001500
17225000
17002500
17299500
17013500
17031500
17048500
17077500
16976500
17270500
16992000
16979000
17216500
16975500
17245500
17250500
17025000
17240000
16975500
16966500
17311000
17496000
17015000
16972000
17007500
17006000
16993000
17522500
17010500
17233000
17259500
17006500
17247500
17537000
16971500
17046500
16970500
17018500
17055500
16993000
16970000
17035000
17191500
17065000
17213500
17049500
17354500
16998500
16987500
17290000
16969500
17227500
17272500
17257000
17316000
16931000
17224500
17232000
17063500
17041000
17286500
17067500
17247500
17272000
17019000
17286000
16961000
17008000
17284000
17228000
17000000
17404500
17091500
17037500
17281500
17282500
17654500
17068500
16934500
16907000
17191500
17013500
17214500
17007000
16956000
17202500
17015500
17044000
17240500
17254500
17045500
17038500
16998500
17051000
17072500
17210000
17017500
17070500
17224500
17559500
17018000
17016500
16998500
17050500
17208000
17990500
17231000
16997000
17062000
17024500
16954000
17010000
17197000
16967500
17262000
16971000
17005000
16984500
17526500
16954500
16971500
16988000
17427000
16944000
17020500
17075500
17029500
16996500
17226000
17021000
16948500
16998000
17007000
17033000
17012000
17129500
17030000
17249500
16971500
17263500
16937500
17313500
16958000
16988500
17508500
17006500
17486000
17005000
16992000
17019000
17033500
17010500
17011500
17016000
17006500
16964500
17054000
17014000
17271000
16973500
17012500
16980000
17217000
17459500
17020500
17013500
17049500
16984500
17283000
17297500
17010000
17042500
17021000
17001000
17285000
17045500
16979000
17207500
17242500
17018000
17006000
17248000
17024500
17280000
17301500
17674000
16997500
17019500
17025000
16975000
17005000
17216500
17378500
17035000
16976000
17249500
17062500
16998000
17047000
17477500
16971000
17009500
16965000
17000000
17484000
16972500
17497500
17300000
17278000
17063500
17003000
16963000
16936000
16967500
16997500
17056500
16990000
17247000
17006500
16985500
17414000
17213000
17022500
17223500
17017500
17253000
16986000
16950000
17060500
17040500
17264000
17027500
16987000
17305000
16967500
17016500
17182000
17308000
17525500
17034500
16974500
17270500
17209500
17022500
16962500
17322000
17521500
17259000
16979000
17032000
17502500
17023500
17213000
17250500
17241000
17239500
17478500
17302000
17529500
17276000
17070000
17196500
17040000
17252500
17008500
17261500
17038000
17251500
16915500
17017500
17207000
17012000
16962000
17019000
17190000
17003000
16982000
16971000
17192500
16962500
16961500
17255500
17039000
16931500
17039500
17410500
17514500
17016500
16968500
17042500
17056500
17245500
17004500
16931000
17286000
17177500
17011500
16996000
17008000
17447500
16985000
17002000
17251500
17217500
17005500
16989500
17221000
16959500
17554000
17050000
17033500
16966500
17004500
17520000
17043500
17256500
17211000
17255000
17035500
16992000
17007500
16943500
16996000
16960500
17024500
16950000
17017000
17279500
16922000
17040500
17535500
17022500
17211500
17277000
17010000
17263500
17190000
16957000
16983500
16960000
17264500
17533500
16985500
17272000
17012000
16996500
17510000
16958500
17008500
16986500
17034000
17330500
17265000
16978000
17206000
16975000
16990500
17038000
17191500
16978000
16928000
17250000
16995500
17060500
17206500
17267500
17225000
17500500
17441500
17497000
17220000
17200000
17229500
16958000
17237000
17011500
17271000
17310500
17227000
17010500
16953500
17034500
17251500
17501500
17470500
17256500
17299500
16997000
17008500
17069000
17004000
17298000
17082500
17026000
16976500
17255000
17004500
17002000
17519000
17226500
17054000
17259000
17214500
16990500
17048500
17334500
17030500
17255000
17287500
17249000
17025500
16997000
17213500
17015500
17545000
17004500
17276500
17261000
16951000
17208000
17059000
17294500
17249500
16988000
17202000
17048500
17280500
17235000
17026500
17481000
17016000
17208500
17565000
17031500
17034000
17268000
17206500
16980000
16999000
17527000
17016500
17307500
16993000
17063000
16990000
17055000
16993500
16974500
16997500
17494500
17218500
17451500
17213500
17002500
16945000
17092500
17021500
17043000
17045500
17009000
16967000
16990500
16897000
17275500
16984500
17251500
17205000
17276000
16977000
17208000
17200500
16931500
17052500
17287500
17227000
17300500
17488000
17009000
17007500
17465500
16995000
17015000
17250000
17068500
16938500
17230000
16992000
16972000
17072000
17292500
17001500
17010500
17059500
17235500
16988500
16999000
17346500
17025000
17273500
17230000
17239000
16997500
17246000
17007000
16959000
17188500
17284500
17224500
16997500
16985500
17027000
17056000
17035000
16955000
17039000
17002500
16958500
17017000
16939500
17273000
17003500
17002500
16969000
16966500
17014000
17019500
16983000
16998000
17477500
17253500
16974500
17043000
17047000
17486000
17216500
17269000
17008500
17075000
16991500
17029000
17055000
17245500
16999500
17034500
17322500
17266500
17018500
17056000
17025000
17015500
17012000
17049000
16958500
16969000
17013000
17248000
17001000
17027000
17330000
17006000
17032500
17016000
16969000
17281000
17264500
17058500
17256000
17022500
17006000
16987000
17021000
17093500
17057500
17214000
17244000
17254500
17276000
16978000
17007500
17018500
16956500
17248500
17019000
17348000
17047500
17022500
16984500
17298000
16899500
16982000
17296500
17273000
17310500
17267000
17000000
17009000
17300000
16996000
16995000
17046500
17260500
17257000
17274000
16994500
16955500
16970500
17058500
16992500
17245500
17283000
16983500
16965000
17031000
16985000
17225000
16964000
17262500
17278500
17001500
16970500
17029500
17038000
17295000
17261000
17010500
16919500
16978000
17048000
16993500
17179500
17294000
17023500
17078000
17007500
17195500
17228000
17031500
16991000
16979500
17046000
17015000
16980000
17269500
17053000
17550000
16997000
17324500
17195000
17274500
17027500
17039500
17316000
17043000
17231500
17346500
17023000
17240000
17260000
17052000
17293000
16987500
16996500
17001500
16996500
16995500
17215000
17056500
17233500
16988500
16954500
16950000
17021000
16976000
16942500
17238500
17262000
17224000
16992000
17183500
17222500
16993000
17264000
16972500
17213000
17478500
16966000
17254500
17295000
16988500
16997500
17034000
17509000
16946500
17216500
16935000
17209000
17239000
17518000
17062000
17005500
17276000
17221500
17212500
17015000
17518000
16940500
16970500
16991500
17032500
17171500
17336500
16968000
17239500
17275000
17003000
17539500
17035500
17250500
16991000
17005500
16933000
16988000
17019500
17017500
16999500
17028500
17021000
16980500
17519500
17062000
17223500
16949000
17072000
16988500
17048500
17018000
17291500
17037500
17010000
16996500
17052000
17283000
17210500
17001500
17007500
17049000
16930000
17030000
17268500
16950500
17214000
17268000
17215000
17012000
16992500
17218500
17278500
16983000
17033000
17273000
16995000
17030500
17213000
17273000
17050000
17042000
17021000
17284500
16949500
17018500
17038500
17009500
17000500
16942000
16988500
17187500
16999500
17307500
17265000
16991500
16998000
17233500
16962000
17025000
16951000
17242500
16984500
17307500
17038000
16987000
16968500
16990500
16999500
17271500
17271000
17264500
17466500
16999500
17250500
16983500
17495000
17495500
16970500
17192500
17063000
17051000
16987000
16988500
17296500
16998500
17190000
17531500
16961500
17293500
17033500
17044000
17014500
16949000
16986500
16994000
17301500
17185500
17242000
17019500
17046000
17252500
16972000
17510500
17024500
17043500
17036000
17043500
16964500
16963000
16986500
17261500
16974500
17173000
17236000
17029000
17232000
17501500
17003500
17580500
17014500
17059500
17005000
17281000
17233500
16995500
17084000
17066500
17060500
17026500
17082500
17227000
16983500
16903000
17171500
16989500
17732500
17067000
17502500
16960500
17470000
17235000
17016000
17266500
16973500
17007500
17264000
17266500
17050000
16982500
17252000
17273500
17523000
17200500
17194000
17000000
17247500
17016000
17006500
17014000
17023000
17299000
17188000
17322500
17287000
17237500
17232000
17266500
17065000
16952500
17259000
17208500
17279500
16964000
17040500
17019000
17052500
16966000
17001500
16945500
17236000
17163000
17034500
17280500
17277500
17264500
16983500
17036500
17316500
16994500
17351000
17188000
17540500
16942500
17058000
16963500
16959500
17339500
17019000
17035500
17277500
16987500
16983500
17303000
17230500
17259500
17178000
17228000
17026500
17003000
17109000
17004500
17522000
17025000
17034500
17036500
17267000
17034500
17015000
17033000
17298000
16961500
17273500
17257500
16926000
17261500
17036500
17229000
17225500
16925000
17304500
17014000
17176500
17252000
17015000
17317500
16944500
16984500
17026500
17018500
17260000
17271500
17042500
17224000
17011000
17109500
17015000
17233500
17250500
17232500
16975000
17551500
17016500
17295500
16989000
17062000
17506500
16957000
16965000
17219000
17214000
17054500
17087000
17579000
17269000
17232000
16996500
16986500
17245000
16969500
17255000
17223500
17227000
16962500
17267500
16935000
17016000
17268000
17185000
17068000
17240000
16991000
17009500
17243500
17301500
17264000
17210500
17009000
17007500
17031500
16982500
17276000
17033000
17210500
16968500
17210000
17030500
17400000
16982000
16987500
17072000
17285000
16998000
17064500
17274500
17748000
17001500
17172500
17037000
17522500
17008500
17007500
17010500
17697500
17036500
16997500
16940000
17518500
16982000
17279000
17002500
17039500
17256000
17281000
17041000
17232500
17274000
17091500
17478000
17199500
17232000
17038500
17220500
17036500
17289500
17024000
17046000
17063500
17022500
17000500
16960500
17291500
16952500
16991000
17010500
17004500
17215000
16980000
17004000
17021000
16951500
17300000
17263500
17012500
17461000
17525000
17275000
17010500
17255000
17026000
17024500
17456500
17267500
17050000
17582500
16964500
16938000
17002000
17272500
16933000
17031000
17011500
17037000
17301000
17297500
17254500
16967500
17256000
16947000
17168000
16958500
17009000
17210000
16965500
17257000
17190000
17307000
17015000
17010500
16973500
17197000
17252000
16942500
17013000
16984000
16976000
17015000
17058000
16977000
16999500
17227500
17016500
17238000
17050000
17230000
16982000
16956000
16996500
17006000
17070500
16957500
17005000
17004500
16957000
17057000
17230000
16992500
17046500
17228000
17022000
16968500
16980500
16998000
16997500
17354000
16991500
17079000
17256000
16994500
17320000
17290500
16937500
17180500
16993000
16984500
17250000
17234500
17314500
16954500
17090000
17557500
17273500
16982000
17258000
16984000
16987500
17262500
17493500
16986500
17294500
16974000
16993500
16951500
16973500
17535500
17217500
17269000
17315500
17249500
16991000
17239500
17255500
17004500
16983500
16993500
17035000
16937500
17009000
17220500
16999500
16988000
17265000
17245000
16997500
16984500
17097000
17544000
17220000
17039500
17511500
17024500
17067000
17256500
17326500
17065000
17506500
17252500
17480500
16975000
17422500
16977000
17244000
16954000
17449500
17238000
17268000
17252500
17254000
16994500
17161500
16942000
16987000
17013500
16992000
17026000
17431000
17003500
17286000
17033500
17304500
17035500
16998500
17015000
17522500
17027500
16956500
17053500
17311500
17337500
17507500
17019500
17217500
17284500
16979500
17030500
16968000
17296000
17451500
17218500
17244500
16994000
17186500
17006000
16998500
17064000
17340500
17013500
17257500
17016000
17054000
17040500
17046000
16996500
17294000
17028500
17048000
17008500
17277500
17246500
16982500
16994000
16995500
16994500
17039000
17255500
17088500
17270500
17246000
17231500
17029000
17185500
17039000
16979000
16970500
16974500
17299000
16974000
16999000
17218000
17258500
17673500
17228000
17269000
16969000
17231000
17353500
16968000
17036000
17245500
17281500
17221500
16924000
17022500
17199000
17327000
17029500
17059000
17014500
17034000
17123500
17013000
17296500
17502500
17522000
17038500
17234000
17047000
17046000
17245000
17509500
17015000
17272000
17006000
17001000
17056500
17053500
17024500
17379000
16993500
16893000
17226500
17047000
17239500
17038500
17003500
17005500
17205500
16992500
17017500
16983500
17007500
17264000
16982500
17004500
17238500
17026000
17270000
17309500
17501500
17226000
17003000
17229000
17715500
16962000
17024500
17030500
17007000
16953500
16999000
17062500
17012000
17288000
17037000
16953000
17028000
17003500
17022000
17258500
17061000
16969000
16945000
16953000
17216500
17002500
17188500
17218000
16964000
16963000
17733500
17007500
17266000
17003000
17049500
17309500
17203000
17508500
17202000
17481000
17287500
17231000
16955000
17250000
17226500
17010000
16993500
16973000
17243000
17315000
17201500
17190000
17384000
17672500
16957000
17248500
17028500
17026000
17245000
17519500
16981000
17297000
17073500
17016000
16948000
17077000
16951500
17726500
17031000
17216000
16956500
17009500
17016500
17232500
17266500
17010000
16996000
17028500
16979500
17030000
17039000
16947000
16982500
17026000
17270500
16967500
17451500
16994000
17567000
17253500
17252500
17239500
17221500
17261000
17247500
17259500
17263500
17245500
17026000
17248500
17272500
17008500
17250500
17229000
17237000
17046000
17305500
17069000
17206500
17186500
17034500
17245000
17004500
17330500
17017500
17226500
17310500
17066000
17041500
17025500
17033500
16991000
17058000
16997000
17015500
17277500
17041500
16960500
17264000
16967500
17016000
17217000
17484500
17013500
17078000
16985000
17533500
17030500
17267500
17205500
16963500
17012500
17254500
16948000
16992500
16996500
17448000
17013500
17247500
16994000
16953000
17270500
17228000
17232500
17322000
16964500
17219500
16999500
16957000
17274500
17503500
16972500
16943000
16978000
17026000
16961000
17023500
17206500
17605500
17267500
16983000
16984500
17026000
17042000
16980500
16995500
17502000
16996500
17028500
17038000
17273500
17099000
17013000
16998000
17048000
17003000
16992500
17013500
17010500
17547000
16992500
17047000
17024000
17057000
17234500
17026500
17011000
16969000
17197500
16978000
16989500
17021500
17240500
17325000
17063000
17017000
17030500
17274000
16975000
17070500
17238000
17013500
16976000
17272500
17536500
17235500
17038000
16978500
17053000
17234500
17273500
17241000
17229500
16941000
16925000
17203000
16975000
16984000
17193500
16959000
16995500
17258500
17003500
17304000
17000500
16984500
17005500
17475000
17044000
17331500
17072000
17239500
16993500
17237000
16997500
17007000
17007500
16940500
16909000
17233500
17286000
17088500
17205500
16987500
17036000
17016500
17188000
17188000
16945500
17035500
17002500
17060000
17252500
17220000
17301000
17041500
17026500
17021000
17045000
17254000
17005000
17001500
17001000
17358500
16961500
17481500
17034500
16896000
16973500
17230500
16967500
16970500
16973500
16996500
17251500
17240000
17003000
17170000
17238000
16950000
17296000
16997000
17056500
16984000
17204000
17225000
17010000
17239000
17020500
17060000
17264500
16924500
17040000
17000500
17433500
16977500
17474000
17040000
17088500
17062500
17194500
16979500
17035500
17037500
16983500
17071500
17510000
17532000
17016000
16953500
17241000
17244000
17322500
16965000
17001000
16906500
16998000
17220000
16966500
17258000
17305000
16953000
16999000
16991000
17321000
17262000
17215500
17280000
16981000
17218500
16992000
17001500
17001500
17044500
17244000
17104000
17188500
16961500
17554500
17261000
16943000
17281500
17239500
17211500
17034000
17259500
16974000
16968000
17316500
17019500
17252500
16999500
16993000
17013000
17255500
17019500
17589500
17481000
17028000
17008500
17253000
16948500
17673500
17049500
17259500
16986500
17028000
16983500
17036000
16972000
16970000
17294000
17013500
17249500
17288000
16944500
16962000
16972500
17517000
17206500
16991000
17261000
17297000
17248500
17479000
17014000
16928500
17250500
17553000
17470500
17017000
17001500
17238000
16928000
17210000
17030500
16951500
17016500
16974000
17006000
17245000
17257500
17052500
16976500
16930000
17016500
17324000
17721500
17261500
16992000
17221500
17052000
17049500
17017500
17254000
16998000
17503500
17044500
16994000
17007000
17541500
17057500
16954500
17250500
17219500
17211000
17020000
16988500
17050500
16966500
17058500
17013500
17273000
17029500
17288500
17492500
17244000
17195000
17022500
17253000
16915500
17286000
17253500
17565500
17543500
17012000
16972000
17304000
17445000
17301500
17236500
17549000
17021500
17277500
17015500
16957000
16955000
16990500
17005000
16972500
17197000
17037500
17024000
17006500
16991500
17022500
16982000
17210000
17031500
17291500
17024000
17232500
16976500
17532500
17270000
17286500
17217000
16968500
16924500
16996500
17251000
16995500
17478500
16949000
17050500
17052500
17228000
17260000
16984000
16997000
16997000
16991500
17243000
17506500
17057000
17074000
16969500
17095500
17015000
17456500
16995000
17015000
17535000
17067500
16939500
17724500
17210500
17252500
17236000
16998500
17228000
16968500
16979000
17016500
17271500
17008500
17025000
16983500
17271500
17077000
17031500
16955500
16974000
17447000
17526000
17255500
17407000
17031000
17014000
16962500
17025500
17032500
16967500
16978500
17020000
17216500
17063500
17223000
17485500
17273000
17218500
17252000
17250500
17027000
16992000
17025500
16968000
17267000
17027500
16990500
17002500
17027000
17051500
16995000
17200500
17280000
16972000
17021500
17078000
17158500
17039000
16978000
17067500
16976000
17233000
16986000
17285500
17252000
16996000
17268000
17030000
17298500
17047000
16961500
17091500
16937500
17037000
17034000
17277500
17030500
17563500
16939500
17245000
17264000
17071500
16944500
17036500
17298500
16966500
16940000
17444000
17009500
17233500
17042500
17250500
17277000
17179000
17283500
17005000
17203000
16994000
17082500
16972500
17532500
16996000
16986000
16994500
16996500
17210000
16990500
17302000
17007000
17242000
17205000
17214500
17051000
17256000
17014000
17036000
17044000
17065500
16934500
17269500
17326000
17020500
16986000
17027000
16992500
17013500
17262500
17024500
17274000
17320000
17394500
17273500
17051000
16972000
17548500
17296000
17236000
16995000
17031000
16968000
17007000
17007000
16996500
16974000
17006000
17031000
17470500
17342500
17046500
17187500
17232500
17331000
17277000
17016500
17024500
17003000
17059000
16948500
16965000
16977000
17054500
17062000
17002000
17053000
17553000
17002000
16942000
17023500
17175500
17099000
17056500
16929000
17295500
17019500
16988500
16996500
17019500
16982000
17234000
16988000
16989500
17278000
16971000
17075000
16945000
17320000
17165000
17302500
17339500
17521000
16993000
17558000
17045500
17054000
16982000
17032500
16980500
17553500
17033500
16974000
16964000
17003000
17016000
17028000
17020500
17278000
17302500
17160500
17020000
17222500
17245000
17234500
16996000
16981500
16986000
17001000
17481000
17334500
17294500
17020000
16992500
17016500
16940000
17029000
16990000
17074000
17183000
17040500
16940500
17033500
17008000
17228500
17010500
16998000
17020000
17216500
16959000
17499000
17018500
17234500
16956000
17029500
17225000
17688000
17565500
17240000
16997500
17245000
17254000
17244500
17280000
17051500
17046000
17074500
17034000
17218500
17041500
17471000
17279500
17037000
16989000
16963000
17343500
17005000
16956000
17563500
17328500
16976500
17278000
17016500
17228500
17058500
16982000
17028500
17043500
17210500
17220000
17213500
16963000
17075000
17010500
17291500
17208000
16989500
16965000
17025000
17043500
17003000
16967500
17280500
17251500
17187000
16980500
17549000
17015000
16991000
16970500
17003500
16962000
17020500
16966000
17222000
17018500
16992500
17479000
17024000
16973500
17026000
17004500
17049500
16982000
17285000
17061000
16984000
17320000
17229500
17060500
16997500
17044000
17014000
17016000
17256500
17276500
17050000
17024000
17038000
17266500
17196500
17237000
16970000
17296000
17288000
16983500
17051000
16996500
17225500
17051500
16978500
17686500
17272000
16997500
16946500
17286000
17506000
16955500
17996000
17366500
17288000
17041000
16993000
17231500
17279500
17076000
17292000
17068500
16962000
17034500
16994500
17348000
17270000
17032000
17262000
17243500
16984000
17031000
16984500
16977500
17056500
17006500
17204500
16962000
16961000
17288500
16913500
17273000
16987000
16972000
17006500
17270500
17026000
17292500
16986000
17006500
17057000
16962000
17027000
16933000
17470500
17040000
16954500
16989000
17017500
17240000
16982500
16963500
17018500
17008500
16980500
17082500
17484500
17283000
16977500
17259500
17050500
17670500
17205500
16964500
17260500
16993000
17025000
16993500
17513500
16934000
17076000
17035000
16979500
17269500
17065500
17046500
17196500
17292500
16960000
17248500
17062500
17039500
17045500
17233500
17053500
16977000
16993500
17341000
16956000
17200500
16995000
17032500
17012500
16958000
16974500
17229000
17256000
17242500
17026500
16978000
17013500
17001500
16976500
16994500
16983000
17402000
17250500
16932000
17041500
17032000
17057000
17310500
17159000
17343000
17255000
16997000
17022000
17024000
17235500
17287000
17262000
17016000
17027000
17027500
16998500
17703000
17337500
17023000
16978500
17245000
16996000
17049000
16958500
16995500
17558000
17331000
17024000
17543500
17040000
16968500
17029000
17023500
17238000
17240000
17295000
17263000
16994000
17483000
16969000
17319500
16960500
17050500
17568000
17490000
16980500
17008000
17257500
17285000
17281000
17456000
17223000
17002000
17010000
17007500
17268000
17265500
17025500
17057000
17150000
17718500
17234000
17256000
17278000
17271500
17360500
17012500
17204000
17290000
17247500
16973000
17586000
17248500
16958000
17229500
16978000
17294000
17287000
16986000
17236500
17227500
17277500
17456000
17305000
17053500
16955500
16976500
17248500
17330000
17292000
17285000
17030500
17256000
17179500
17477500
17165000
17025500
17178500
17073500
17291000
17062500
16956500
17276000
17265000
17252000
16966500
16955000
16993000
17254000
16958500
16994500
17339500
16990000
17010500
17021000
17026500
17250500
17252000
16987000
17308000
17005000
17218000
16939000
17093000
17268500
17019000
16981000
17246500
17000500
17016000
17262500
17005000
17256500
17190500
17254500
16981000
17065500
17027000
17257500
17222500
17024000
17276000
17268500
17244000
17304000
17004500
17039500
17037000
17019000
17005000
16999500
17216500
17030000
17094500
17041000
16967500
17069000
17244500
17249500
17005000
16948000
17006000
17262000
17243500
17024500
17026000
17123500
16979000
17210500
16958500
17550000
17068500
17233000
17256000
17068000
17003500
16953500
17068500
17205000
17013000
16962500
16981500
17291500
17237000
17065500
17228000
17557500
17072000
17096000
17009500
17034500
17052500
17012000
16995000
17010500
16995000
17294500
16988000
16994500
17014000
17264500
17243000
17225000
17645500
17014500
17262500
16976000
17059000
16979000
16965000
16946000
17742000
17025000
16964000
16925500
17237000
16924500
16988000
16975000
17016000
16978000
17268500
17296500
17335500
17211000
16922000
16990000
17001000
17046000
17245500
17040000
16957500
17234000
17257000
17553000
16995500
16990500
17045500
17054000
17062500
17265500
17052000
16910500
17046500
17298500
16997500
16997000
17235000
17018000
17042000
17285000
17250000
17016500
17011500
17049000
17531500
17029500
16994500
16997000
17570500
16996000
17304500
17244500
16895000
17019000
16963500
17267500
17211000
17232500
16952500
16980500
17039000
17004000
16977000
16973500
17016000
17223500
17578000
16968500
17018500
17012500
17002500
17511500
17285000
17013000
16982500
16991000
17217000
16986000
17269000
17032500
17193000
17247000
17011500
17228500
17225000
16988000
17048000
17026500
16967500
17044000
17059500
16992500
17013000
17062500
16971000
17022000
16971500
17493500
17233500
17050500
17542000
16999500
17247500
16998500
17237000
17035000
16967000
16956000
17016500
16983500
17281000
17194500
17292000
17289500
17297000
16953000
16988000
17540000
17519000
16985500
17029000
16952500
17018000
17284500
17035500
16997500
17038000
17058000
17196500
16939500
17034500
17030500
16975000
17214500
16978500
16966000
16980500
16968500
17259000
17284500
17264500
17037000
17218000
16979000
17467500
17460000
16951000
17093500
16988000
17046000
17237000
16990500
17228500
17567000
17049500
16985000
17515000
17035500
16973500
17033000
17033000
17220000
16953000
17214000
17290500
16972000
16991000
16973500
16995000
17015000
16990500
17225500
16972500
17313500
16972000
17586500
17064000
17236500
17201000
17055500
17291000
17194500
17224000
17355000
17734500
17038000
17522500
16991500
17252500
16904000
16958500
17210500
17015500
17234500
16985500
17245500
17047500
16979500
16984500
16987000
17305500
17028500
17009000
17229000
17219500
17275500
17068500
17007000
17032500
17014500
17199500
17035000
16971500
17021000
16959500
17289000
17031500
17207500
17197000
16920500
17516000
16995000
17242000
16969000
17000000
17253000
17210500
16942000
17091000
16928000
17000000
17003000
17304000
17209500
16946500
16990500
17122000
16995500
17213500
17015500
17076500
17271500
17211000
17020000
17064000
16984500
17044000
17063000
17012000
16942000
17036000
17041000
16964500
16927000
17263500
17017000
17049000
17259500
17042500
17291000
17029000
17211000
17014000
17055500
16974500
17538500
17002000
17417000
16991500
17218000
17003500
16985500
17016500
17033500
17062500
17253000
17030000
17268000
17007000
16947000
17255500
17004000
17265500
17218000
17522000
17060500
16984500
17004000
17246500
17225500
16940500
17709000
17025500
17284000
17051500
16999500
17044000
17211500
17298000
17200000
17254000
16989500
16960000
17207500
16960500
17023000
17007000
17261500
17006000
17222500
17015500
17056500
17021000
16935500
17198000
17493000
16937000
17251500
17005500
17206000
17180000
17249500
17288500
17047000
17309000
17319500
17484000
17520000
17494000
16997500
17042500
17011000
16950500
17060500
17257000
17293500
17063500
17277500
17542000
16980000
17053000
16978000
17326500
17481000
17164000
17301000
17042000
17032000
16992000
17231500
17506500
17011000
16990000
17057500
16959500
17290000
17253000
17751500
17447500
17033500
17049000
17055500
17323000
17511500
17006000
17251000
17304000
17161000
17021000
16996500
17283000
17013000
17708500
16971000
17179000
17258500
17230000
17031500
16992500
17087500
17078500
17288000
17280500
16939500
16978000
17255500
17049000
17213000
17045000
17102000
16997500
17005000
16966000
17257000
16984500
16990500
16991500
17259000
17038000
17024500
17224000
17003000
16982500
17207000
16999000
17018500
16966000
17232000
17049000
16978500
16993000
17040000
17248000
17005500
17298000
17468500
17215500
17249000
17059500
17255000
16969000
17260000
17005500
17294500
17020500
16993000
16980000
17309000
16978500
17279000
17069000
17294500
16982500
16963000
17017500
16953500
17043000
17017000
17315500
17023000
17014500
17031500
17282500
17256000
17269500
17019000
17022500
16937000
17237000
16989500
16994000
17039500
16984500
17002500
17530000
17017000
17292000
17013000
16975000
17314500
16976000
17230000
17008500
16981500
17045000
17482000
16971500
16944000
17020000
17243000
17056500
17009500
16996000
17015500
16993500
16988000
17067500
17287500
17031500
17511000
17030000
16980000
17278500
17511500
17013000
16981000
17020000
17434500
17008000
17322500
17294500
17199000
17015000
17036000
17017500
17311500
16998000
17539500
17004000
17209500
17004500
16993500
17201500
17562000
17049000
17056500
17040500
17078500
17249000
17012000
17246000
17011000
17005000
17282500
17023500
16982000
17281000
16998500
17247000
17020000
16945500
17008000
17028500
16991000
17064000
17231500
17002000
17236000
17195000
16986000
17223500
16968500
17277000
17538500
16989500
17047000
17031000
17719500
17259000
17002000
17309000
17440500
17294500
17060000
16995500
16936000
17265500
17045000
17228000
17219000
17501000
17005000
17079500
17532000
17483000
16973000
17233000
17146500
17217500
16918000
16954000
16983000
17060000
17064500
17005500
16996500
16943500
17242500
17519000
17288500
17195000
17022500
16968000
16981000
17531500
17010500
16959000
17048500
17286500
17261000
17238500
16965500
17023000
17052500
17020000
17050000
17247000
17039500
17301000
17254500
17250000
16983500
17006000
17001500
17281000
17047500
17262500
17010500
17232000
17219000
17229000
17164000
17037500
17015500
17007000
16950500
17040000
17013500
17259500
17353000
17194000
17263000
17048000
17463500
16956500
17480500
17243000
16987500
17179000
17221000
17301500
17188500
16998000
17262000
17012500
17360500
17055000
17334500
16929000
16981000
17230000
17235500
17213500
17023000
17809000
17214000
17269000
16996500
17051500
17031500
16925000
16955500
17255500
16965000
16996000
17018000
17032500
16962500
17268000
17232500
17256000
17010000
16993000
17050500
17497500
16999000
16990500
17815500
17219000
16991000
17051000
17050500
17218500
16993000
16990500
17280000
17285000
17527000
17005500
17501500
17235500
17032500
17090500
17018000
17771500
16976500
16984000
17236000
17017000
16981500
17302000
17237000
16984500
17060000
16954500
16985500
16979000
17443000
17231500
16938500
17496500
16978000
17026000
17211000
17035000
16999500
17075500
17255500
16983500
17268000
17157000
16984000
17017500
17215500
16990000
17040500
16972000
17537000
17000500
17264500
16974500
17232000
16980000
17253000
17030000
17084000
16914500
17714000
16953000
17466500
17049000
17255000
17220000
16963000
17295000
17353000
17539500
17033500
17523500
17222000
17041500
17214000
17174000
17541500
17242500
17215000
17510000
16995500
16970000
17518500
17017500
17275500
16945500
17040500
17238500
17520500
17506000
17252500
17487000
17251500
17510500
17254000
16976500
17272000
17290000
17073000
17011000
17051000
16995000
16992000
17309000
17202000
17008500
17240000
17231000
17004000
17046500
17018500
17162000
17503500
17008000
17002000
17272500
16994500
17002000
16997500
17258500
17258500
17455000
17495000
17272500
17027500
17024000
17017500
17530000
17033500
17012000
17016500
16981000
16986500
16979500
17505000
17210500
16947500
17020000
17251500
17042000
17273000
16979500
17074000
17318000
17043000
17035000
17046000
17012000
17045000
17030500
17266000
17225500
17250000
16982000
17516000
17000500
16970000
17282500
17006000
17221000
17038500
17252500
17032000
17522000
17049500
17071000
16991500
16935000
17326000
17017500
17026500
17208000
17307000
17028500
17031000
17032500
17099000
16952500
17502000
17221500
17709500
17017000
17017500
17008500
17229500
16978000
17526000
16965500
17206500
17294500
17220000
17213000
17261500
17049500
17506000
16983000
17003000
16998500
16996500
17279000
16972500
16961000
17058000
17032000
17208000
17000500
17296000
17184500
17217500
17067500
16908000
16984500
17000500
17205000
16963000
17007000
16983500
17257000
16924500
17012000
17208000
17056000
17205000
16959000
16975000
17063500
17300500
16977000
17009000
17003500
17031500
17175000
16993000
17244000
17008000
17245500
17335000
17012000
17255000
17304500
17230500
17487500
16919000
17038500
17008000
17203500
17287500
17265000
16963000
16957000
17032000
17242000
17017000
17500500
17608000
17013000
16969000
17243000
17011000
17258500
17250500
17004500
17043000
16980500
17003500
17066000
17021500
16947500
16999500
17006000
17327000
17241000
17036000
17198000
16983500
16944500
17488500
17028000
16983500
16986000
17043000
17278500
17316000
17243000
17253500
17006500
17283000
17249000
17182000
17248500
16985500
16986500
16942000
17214000
16996000
17031500
17004500
17210500
16983500
17238500
16985000
16954500
17054500
17009500
16950000
16962500
17225500
17024500
17545500
17010000
17208000
16951000
17190500
16976500
16975000
17050000
17182000
17247000
17020000
16972000
17001500
17754000
16944000
17265000
17021500
17004500
17052500
17035500
17016500
16975000
17068500
17042000
17316000
17052000
17234500
17251000
17262500
17264500
17030000
17488500
17014000
17057500
17224500
17303000
17039000
17163500
17000000
17009500
17025500
17030000
16986500
17047000
17609500
17187500
17080000
17128500
17026000
17280500
16985500
17440500
17476000
17225500
17223000
17044500
17170500
16962500
17217000
16991000
16958500
17299000
17020000
17037000
17029000
17011500
17197500
17269000
17018500
17087500
17034500
16944500
17084000
16999000
17312000
16966500
17221500
17261500
17267000
17535500
17056500
16974500
17018000
17257500
16977000
16942000
17232000
17279500
17175500
17030500
17013500
17245000
17534500
17297500
16968000
17030500
17267000
17022500
17004500
17277500
17250000
16945500
16992000
17242000
16904000
16953500
17010000
17236000
17253500
16921500
17399500
17263000
17278500
16981000
16981500
17051500
17229000
17284500
16999500
16971500
17024000
17054000
16961500
17046000
17284500
17027500
17216000
17034500
17017000
17164000
17164500
17707500
17290500
17027500
17009500
17261000
16987500
17037000
17032500
17251500
17037500
17027500
17282000
17019500
17014000
17206500
17060500
17290500
17505000
17041500
17072500
16994000
17292500
16943000
17220000
17015500
17291500
17247000
17502500
16966000
17254000
17288000
17238000
16983000
17054500
16945000
16976000
17270500
16915500
17274000
17052000
17309500
16985000
17278000
17268000
17219500
16957000
17207000
17246500
16964000
17292500
17016000
17035500
17485000
16971500
17051500
16981000
17514500
17046000
17234500
17058000
17207000
17232000
17004500
16982000
16947500
17089000
17248000
16971500
17011500
17050500
16995500
17053000
16993000
17257000
16959500
17026000
16949500
16947500
17209000
17544500
17265000
17028000
17254000
17234000
16968500
17038000
17255500
16962500
17188500
17230000
17032000
17034500
17077500
16953000
17481000
17198500
17010500
17018000
17044000
17025000
17298500
17270500
16967000
17006500
17055500
17722000
16952000
17243000
17046500
17243500
17054000
16979500
17034500
16967500
17003500
17265000
17088000
17250000
17236000
17061000
17337500
17000500
16959500
16982000
17244000
16972000
17006500
17044500
17446000
17269500
17305500
17034000
16995000
17050000
16997500
16987000
17192000
16981500
17035000
17485000
16988500
17040000
16959500
17048000
17480500
17031500
17746000
17547000
17240000
17012000
16956500
17266000
17511000
17227500
17275000
16956000
16999500
16953000
17503000
16965500
17009000
17029000
16983500
17052000
17283000
16969000
16989000
17029000
17288000
17230500
17250500
17027500
17038500
17184500
17293000
17179000
17019000
17034000
17270500
17021500
17724000
17240000
16928000
17003000
16943000
17254500
17029000
17195000
17029500
17271000
16997000
17038000
17229500
17061000
16990500
17040000
16967500
17062000
17238500
17220000
17011000
17555000
16968500
17311000
17002500
17246000
16986000
17492000
17270000
17013000
17220500
17499000
17042000
17252500
17025500
17238000
17037500
17518000
16986500
17527500
17028500
17313000
17272500
17287500
16961500
17012500
17050500
16981500
16986500
17067500
17052000
17437500
17013000
17316500
17345500
17057000
16954000
16995500
17441500
16983000
17250500
17299500
17282500
17517500
17026500
17038000
16941000
17189500
17254000
17007000
17026000
16985500
17002000
17048500
17306500
17026000
17256500
17238500
17090500
17259000
16962500
17224000
17252000
17010500
17018500
17202000
17307000
17002500
17237000
17278000
17238500
17012000
17253000
16979500
16981500
16931500
18001500
17511000
17049500
17528000
16972000
16981500
17368000
17034500
17009000
17534000
16962000
17248000
17186000
17502500
16985500
17056500
17004000
17468000
17468500
17286500
17296500
17328500
17239500
17042000
16981500
16977000
17068500
17574000
17021500
17015000
17257500
17597000
16978000
17235000
16989500
16993500
16985000
16998000
16987000
16988000
17232500
17230000
16912500
17262000
17018000
16976000
17047000
17246000
17318000
17229000
17067500
17042000
17013500
17623500
17511000
17071500
17187500
17270500
17282500
17010000
17508000
16957000
17190500
17174500
17000500
17026000
17040500
17051500
17083000
16986000
17220500
16983000
17333000
17098500
17277500
17036500
17280000
16932500
17001000
16958000
17297000
17103000
17265000
17230000
17582000
17211500
17273000
17026500
17242000
16949500
17253500
17054500
16957500
17254000
17336500
17056500
17536500
17005000
17023000
17342000
17236000
17294000
17004500
17055500
17467500
17203500
16991500
17250500
16984000
16963500
17043500
17198000
16976000
17239000
17006500
17046500
16995500
17005000
16951000
16995500
17254500
17258500
17523000
17264500
16983000
17721500
17037500
17318000
17007000
17508500
17033500
17340000
17069000
17002500
17004500
17033000
16978500
17226000
17291000
17015500
16970500
17207000
16984000
17507500
17255500
17214000
16970500
17205500
17433500
17452500
17046500
17042000
17214500
17229000
17224000
17009000
17041000
17242500
17243000
17013000
16986000
17008500
17266000
17009000
17291000
16959500
16970000
17255000
17007000
17004500
17288500
17263500
16997500
16982500
17264500
17042000
17001000
16941500
17001500
16998500
17034000
17084500
17028000
17592500
17253500
17037000
17010000
17221500
17019500
17079500
17023500
16973000
16950000
17266500
17085500
16981000
16998500
17528000
16990500
17211500
17068500
17040500
17022500
17569000
17233000
17007000
17205500
17024000
17203000
17242500
16923000
17588500
17036000
17276500
17056500
17188500
16991500
17049000
16970000
17013500
17253500
17003500
17036000
16964000
17027000
17261000
17215500
17067000
16980500
17041500
17022000
16902000
17235500
16937000
17293000
17480500
17032500
17491500
16995500
17029500
16995000
17009500
17018500
16952000
17033500
17511500
17271500
17261500
16980000
17020000
16936000
17301500
16994000
17264500
17212500
17000500
17251000
17218500
16995500
17010500
16958500
17479000
17022000
17540000
17049000
17012500
16958500
17496500
16995500
16987000
17020500
17263000
17182500
17068500
16999000
17220000
17008500
17094500
17070500
17496000
16995500
17051000
16963000
16960000
17042500
17077500
16958500
17292000
17032500
16998000
17014500
16937000
17011500
17223500
17055500
16973500
17015500
16953000
16989000
16993500
16991500
16991500
17060000
17272500
17029500
17376500
17431500
16986000
17315000
17202000
16984500
17272000
17020000
17307500
17051000
16958500
17475500
17229000
17245500
17011000
17504500
17532500
17490000
16978500
17016000
17046000
17055000
17260000
17007000
17021500
17014000
17177500
17224500
17101000
16979000
17045500
17259000
17138500
17026000
17035500
17267000
17248000
17015500
17676500
17023000
16987000
16919500
17049500
17263000
17236500
17074500
16994000
17559500
17000500
16979500
17055000
16980500
17427500
17004000
16977500
16981500
16994500
16985000
17277500
16966500
16960500
16977500
17172500
17064000
17055000
17007500
17256000
17305000
16976000
17051500
17006500
17012000
16987500
17258000
17006000
17045000
16996000
17029500
16959000
16981000
17261500
17027500
17025500
16983000
17245500
17226500
17013000
16943000
17066500
17055500
17249000
17260500
17234500
17194500
17024000
16993500
17021500
16997500
17020000
17237500
17270500
17258500
17226000
16968000
17536500
17043500
16981500
17045000
17240500
17103000
17041000
17687500
17053000
16992000
17056500
17064000
17030500
17026500
17018000
17275500
16976000
17256500
17455000
17016000
17018500
17073500
17281000
17219000
17050500
17282500
17045500
17001500
17223000
17243500
17272000
16994000
16965000
17008000
16997000
17296000
17275000
17271500
17334500
16979000
16964500
17008000
17464500
17286500
17074000
17015000
17233000
17050000
16994500
17258000
17557500
16934000
16991500
17213000
16975000
17759500
16961500
17496000
16988000
17544500
17027500
17026500
17284500
17280500
17521000
17307500
17017500
17240000
17043500
17325000
16998500
16982000
17220000
17027500
17014500
16969000
16994000
17248500
16948000
17080000
17070000
17245500
17523000
17281500
17083500
17006000
17272500
17027000
17020500
17261000
17049500
16949000
16966000
16928000
16996000
17185000
16998000
17486000
17045500
17244500
17487000
17010000
16956500
17222500
17026000
17268000
17201000
17039500
17014000
17002500
17273500
17260500
16993500
17082000
17073500
17044500
17180500
17267000
16976500
17056000
17265500
17277000
16963500
17268500
17252500
17008000
16965000
17223000
16934500
17012000
17464000
17041500
17001000
17005500
17221500
17249500
17021000
17301000
16976500
17043500
17259000
17570000
17297500
17005000
17011500
17211500
16978500
17044000
17503000
17059500
17015000
17285500
17520000
17298000
17527500
17312500
17254500
17042500
17027500
17244500
16986500
16931500
17006000
16933500
16974500
17021000
17253000
17216500
16996000
17009000
17064500
16967000
17239000
17298000
17517500
17019500
17011000
17017500
17229000
17259000
17267000
16964000
17214500
17026000
17270000
17001500
17017500
17262500
17100000
17004000
17311500
17082500
17213500
17043000
17220000
16992500
17478500
17104500
17266500
17034500
17281500
17237000
17320000
16986000
17028500
17492000
17007500
16952000
17175500
17058500
17232000
16933500
17018500
17239500
17465500
17003000
16995000
17065000
16955000
17001500
16996500
17237000
17235000
17016500
17446500
17247500
17005000
17005500
17283000
16996500
16988000
17045500
17263500
16949500
17060500
17332000
17276500
16906500
17075500
17290000
17004000
17276500
17009500
17022500
17044000
16993000
17014500
17041500
16998500
17036500
17017000
17073500
17064500
16987500
17479000
17243500
16974000
17242500
17002000
17186000
16987000
17241500
17060000
16943000
16956000
17243000
16946000
17041000
17496000
16989500
16988000
17056500
17021000
17053500
16997000
17019000
16963000
16999000
17184500
17244000
17238000
16983500
17307000
17312000
17031000
17214500
17037000
17086000
17210500
17243500
17238000
16976000
17036500
17212000
17010500
16999000
17717500
17284000
16977000
16965500
17040500
17236500
17272000
17062500
16989000
16922500
17180500
17074000
17263500
16994500
17307000
17275500
17470500
17051000
17217000
17250500
17318000
16982500
17223500
17064000
17247000
17056500
17232500
16974500
17508500
17031000
17217500
16929000
16978000
17028000
17453000
17231000
17508000
16985500
17018000
17015500
17046500
17057000
17183500
17259000
16971000
17010500
17055000
17271500
17248000
17229500
17229000
17226000
17264500
17198500
16992000
16967500
17172500
16967000
16942000
17449000
16938500
17235500
17257000
17001500
17242000
17230000
16959500
17269500
17065000
16989500
16971500
17546000
16980500
17335500
17022000
17007000
16978500
17004500
17258500
17205000
16937500
17035500
17272500
16988000
17236000
17274500
16983500
17243500
17012500
17021000
17000000
17005500
17117000
17213000
17282500
16997000
16968000
17254000
17022500
16995000
16993500
16994500
17023500
16947500
17046500
17012500
17055500
17018000
17030000
16977500
17516500
17018500
17045500
17009500
17040500
17014500
17015500
17219000
17278500
17265500
17010000
17451500
17021500
16983500
16952000
17006000
17017000
17046500
17002000
17194000
17001500
17263000
17008500
17228500
16959000
16981000
17002500
17033000
17000500
17268500
17264500
17017500
17047000
17067000
16958000
17022000
16969000
17267000
17060500
17028500
16996500
16998000
16946500
17080000
17041000
16920500
16935000
17260000
17041000
17013000
17518000
17207000
17000500
17546500
17068500
17003000
16942000
17462500
17036500
17327000
17073000
17317000
17000000
16984000
16951000
17111000
17183500
17312500
17012500
17000000
17088500
17261000
17055500
17022500
17018000
17734000
16995000
17060500
17016000
17276000
16984500
17018000
17048500
17014000
17272000
17279000
17210000
17458500
17088000
17022000
16981000
17004000
17259000
17234000
17227000
17292500
17041500
16951500
16926000
17028500
17046000
17299000
17006000
17484000
17269500
17260000
17053000
17037500
16931000
17200500
16995000
16941000
17041000
17271500
16993500
17538000
17027500
16966500
16970000
16998000
17237500
17063500
17016000
17029000
16984500
17025500
16988500
17270500
16997000
17508500
17217500
17270000
17453500
17009000
17042500
16961500
16985000
17522000
17169000
16982500
17488000
16933500
17004000
17499000
17252000
17291500
17136500
17195000
17241000
17035000
17234000
17020000
16976500
17247500
17030000
16991500
16979000
16985500
16927500
17196500
17187500
17017500
17012500
16960500
17283000
17238000
17199000
16997000
17551500
17019000
16991000
17316000
17045500
17047000
17001000
17247000
17296000
17268500
17295500
17324500
17720500
16984500
17017000
17429000
17001000
16991000
16945500
17552500
16998500
17180500
17059500
17054000
17237500
17033500
17267000
17279500
16987000
17032000
16992500
17037500
16942000
17309000
16951500
17214500
17033000
17244000
17556500
17304000
16994500
17023000
16946000
17009000
17279000
17236500
17039000
16987000
17042000
17190000
17482000
17240500
17243500
17645000
17219500
17035000
17519500
17182000
17725500
17243000
17028000
17021500
17063000
16958000
17263500
17167500
17005000
17062000
16995000
16949500
17224000
17511500
17008000
17508500
17232000
17032000
17190000
16984500
17012500
17477000
17289000
17106000
16963500
17222000
17247500
17030000
16997000
16875000
17242000
16960000
17021500
17252000
17551000
17049500
17280500
17243000
17262500
17025000
17013500
17019500
17056000
17040500
16990000
17057500
17030000
16969000
17031000
17255500
17033000
16996500
17056500
17029500
17199000
16994500
16995500
17517000
17235000
16996000
17247500
17270500
16998000
17026500
17028500
17223500
17268500
16956000
17032500
16966000
16973000
17019500
16950000
17257000
17286000
16958500
17284500
16990000
17261500
17262000
17249000
17052500
17017000
17019500
17231000
17273500
17064500
17217500
16982000
17014000
17062500
17189500
16964500
17026500
16985000
17504500
17241500
16923000
17078500
17026500
17051500
17283500
16978500
17293000
17232500
17232000
17280000
17217500
17464000
17016500
16996000
16966500
17107000
17022500
17053000
17495000
17057500
17020500
17267500
17029500
17020500
17005500
17004000
17037000
17005500
16935500
16983000
16961000
17272000
17279000
17048000
17209500
17253500
17027500
17070500
17043500
16995500
17010500
17005000
17219500
16962500
17015500
17528000
17243500
17201000
17260500
17030500
17250500
17247000
17288000
17271500
17473000
16992000
17461000
17039500
17012000
17244000
17193500
17511500
17197500
16981000
17727000
17041000
16970500
16998000
17211000
17282500
17299500
17010500
17301000
16995000
17245500
17246000
17039500
17204000
17317500
17013000
17268500
16954500
16948000
17182000
17297000
17587000
17026000
16966500
17238500
17256500
17281000
17290500
16999000
17294000
17070500
17060500
17056000
17047500
17006500
17442000
17040000
17273000
17296500
17076000
17024500
17035500
17252500
17005000
16986000
16977000
17009000
17238000
17220000
17479000
16977500
17471500
17343500
17478000
17258000
17547000
17240500
16967500
17012000
17022500
17046000
17046500
17061500
17267000
16989500
17023000
17265500
17494000
17179000
16999000
17166000
17050500
16999000
16957500
17014000
17040500
16970000
17040500
16996000
17287000
16983000
17001000
17075500
16961000
16999000
17050500
17228500
17065500
17439000
17288500
17249000
17242500
17066000
17069000
16980500
16996000
17041000
17042500
17032000
17034000
17308000
17276000
17023500
17200000
17268000
17012500
17037000
17027000
17224500
17219500
17339000
17282500
16986500
17299500
17247000
17008500
17062000
17231000
17038000
17225500
16983000
16953000
17244500
16979500
17241000
17445000
17467500
17266000
17259000
16979500
17240000
16987000
17505500
17259500
17005000
16961500
17226500
17282000
16949000
16992000
16997500
17005500
17496500
17264000
17061500
17064500
17002500
17498000
16920500
17002000
17247500
17263500
17033000
17022500
16996500
17015500
16969000
17036000
17041000
17009000
17211000
16967500
17029500
16976000
16983500
16995000
16981000
17532500
17585000
17413000
17245000
16995500
17291500
17002500
17261000
17245500
17042000
16985500
16958000
17191500
17226500
17526000
16997500
17015000
17296500
17486500
17306500
17274500
17321000
17250500
17258500
17271500
17347000
17019500
17021000
16990000
17048500
17263500
17008500
17220500
17197000
17317000
16931500
17240500
17019500
16960500
17494000
17237000
16943500
17012000
17298500
17049000
17273500
17007500
17229000
17260000
16984500
16978000
17188000
17241500
17290500
17006000
17000000
17533000
17158500
16987500
17005000
17008500
16992500
17045000
17250500
17256500
17283500
17266000
16984500
17088500
17007000
17027500
16982500
17051000
17283000
17001500
17030000
17212500
17287000
17211000
17237000
17229000
17022500
17237500
17254500
16999000
17189500
17498000
16899500
17211000
16999500
16972500
17222500
17030000
17025000
17032500
16930000
17255000
17229000
16982000
17000500
17246000
16922500
17005000
16983500
17248000
17005000
17070500
17491000
17081000
17027500
17209500
17015000
17029000
16935000
17018500
17248500
17235000
17029000
17012500
17301500
17494000
17223000
17297000
17546000
17027000
16995500
17057500
17028000
17219500
17512000
17279500
17195500
17528000
17262000
17269000
17023000
17285500
17704500
16979500
17000000
17273500
16966500
16937000
17306000
17030500
17534000
17048000
17225000
16997500
17267500
17080000
16966000
16938500
16982000
17236500
17187500
17279000
16985000
17030000
17262000
16993000
16985000
17060500
16960500
16987000
16970500
17200000
17012500
16970000
17188500
16906000
16933000
17015000
16949000
17016000
17020000
17028500
17530500
16997000
16998000
17029000
16949000
17320000
17066500
17272000
16988000
16997000
17446000
16962000
17006500
17026500
16984000
16992000
17015000
17311000
17011500
17025000
16965000
17014500
16964500
16910500
17209500
17261000
17062500
17191500
17296500
17047000
17020500
17309500
17025000
17280000
17343000
16995500
17690000
17503500
17550000
17085500
16993000
16948000
17260500
17049000
17281500
17301000
17308000
16994000
17110500
17502000
17038000
17209500
16988500
17259000
17228000
16934000
17178500
17474000
16973500
17534000
17028500
16939500
17264000
16957500
17450000
17084000
17064500
16968500
17290500
17051000
16932500
17559500
16962500
17053000
17247000
16957500
17557000
17154000
17453000
16985000
17235000
17012500
16993500
16994000
17502000
16972000
17219000
16985000
17227500
17014500
17201000
17042500
17033500
17232000
16992000
16970000
17000500
16984000
16975000
17035500
17241500
17306500
17005500
16972000
17003500
17047000
17001500
17205000
17240000
16986000
17288000
16975500
16933000
17034000
16971000
17052500
16956000
17020000
17190500
16997000
17237000
17269500
17040500
17078000
16933000
17251500
17304500
16982500
17047000
17255500
17044500
17065500
17277500
17019500
17300500
17077000
17044000
17032500
17014000
17218000
17033500
16979500
17004000
17025000
17438500
16988500
17295000
17492500
17182500
17233000
17050000
17219500
16968500
17244000
17016000
17032000
17275000
17251000
17068000
16940000
17012000
17031000
17239500
17159500
17023000
17041500
16943500
17484000
17039000
17068500
17297500
17209000
17338000
17236000
17348000
16972000
17031000
17014000
17279000
16923500
16927000
17269000
17216000
17300000
16997000
17034000
16980500
17513000
17014000
17241500
17200000
16976000
17760500
16999500
17028500
17052000
17014000
17003500
17206500
17004500
17013500
17025000
17239000
16990000
17230000
17251500
17294000
17180000
17077000
16984000
17011500
17241000
17040000
17034000
17471500
17064000
17025500
17224500
17518000
16980500
17004000
16963500
17004500
17041500
16972000
17219000
16947000
17101500
16967000
16974000
17532000
16967000
16965500
17018000
17273500
16996000
16914000
17434500
17016500
17062000
17241500
16974000
17252500
17202000
16974000
17326000
17228500
17236500
17731500
16972500
17005000
16993500
16950500
16981000
17015500
17028500
16985500
17048500
16984000
16972000
16963500
16986000
16998000
17236000
17695000
17279000
17283000
17229000
17737500
17020000
17230500
17007000
17284000
17248000
17001500
17017000
17031500
16995500
17045000
17178500
17017000
17082000
17027500
17001500
17278000
16946000
17277000
16965000
17039500
17014500
16961500
17242500
17288000
16978500
17298500
17289500
16968500
16977000
16928500
17241000
17271000
17075500
17002500
16994500
17495500
17012000
17011500
17028000
17506000
17299000
17203000
17294500
16955000
16978500
17205500
17068500
17064000
16963500
17003500
17043500
17238000
17014000
17006500
17560500
17194000
17525500
16998000
17233000
17034500
17202000
17009500
16984500
17191500
16958500
17016000
17022000
17012500
17033000
17209000
17237500
17228500
17288500
17454000
17760500
17041500
17070500
17005000
17454000
17051000
17472500
17141500
16983500
16982000
17226000
17228000
17221500
17266000
17056000
17185500
17022000
16968500
17229500
17262500
17513500
17262000
17005500
16935500
17056000
17224000
16987000
17510000
17520000
17028000
17294000
17245000
17009000
17005500
16939000
17163500
17495500
16996500
17011000
16989500
17305000
17011000
17005500
17008000
17052000
16975500
17286000
16994500
17225000
16993500
17235500
17016000
17233500
16984500
16980000
16962000
17232500
17037000
16975500
17217000
16983000
17431000
16995500
16995000
17194500
17002000
17268000
17206500
16934500
17021500
17325000
17271000
16963000
16994500
17251500
17304000
16959500
16969000
16988000
16974500
17000500
17195500
17235000
16976500
17012500
16985500
17043500
17270000
16944000
17064000
17207500
17038500
17036000
17060500
17252000
17270000
16950500
17028500
17202500
17266500
17278500
17124500
16952500
17034500
17041000
17201500
17038500
17184500
17067500
17470500
17219500
17032000
16963000
16992500
16946500
17207000
17058500
16961500
17253000
17038500
17048500
16986500
17002000
17274500
16968000
16945500
17007500
17027500
16970000
17401000
16943500
16955500
17709000
17215500
17184000
17265000
17008000
17250500
16923000
17552000
17550500
16984000
17002500
17004000
16971000
16996000
17279500
16932000
17508000
16997000
17055000
17049000
16954500
17489500
16975000
17197500
16997500
16982000
17266500
17228000
16971500
17292000
17033000
17302500
16943000
16988500
17281000
17296000
17034500
17308500
17005000
17014000
17273500
17257000
17489000
16976500
17051000
17024000
17150500
17230500
16993500
17022500
17007000
16987000
17049000
17017000
17085000
17007000
17550000
17000500
17257000
17259000
17485500
16977000
17208000
16984000
17221500
17050000
17004500
17295500
17258500
17246000
17036500
17298000
17033500
16998000
17203000
