17005000
17052000
17197500
17673500
16988000
17005000
17065500
17495000
17544500
17244000
17507000
16953500
17251000
16997000
16941500
17236500
17196500
17042000
17030000
16981000
16977500
17249000
17286500
17030500
17569000
17055500
17025000
17271000
17473000
17233000
16989500
17057000
17193000
17263500
16996500
17057000
17537000
17023000
17006000
16968500
16993500
17030000
17274000
16977500
16996500
17007000
16998000
17238000
16989000
17239000
17023500
17494500
17195000
17013000
16972500
17219000
17052500
16984500
17280000
16961000
16969500
17292500
16980500
17056500
16972500
17008500
16994000
17219500
17266500
17241000
17213500
17304500
17054000
17509500
16945000
17722500
17019500
17025000
17216000
17045000
17204000
16989500
17059000
17027500
17222500
17244500
16988500
16980000
17053000
17254500
17029000
17206500
16984500
17219000
17026000
16957000
17002000
16996000
17302500
17026000
16983000
17231500
17283500
17215000
16952500
17051000
17037000
17004000
17053500
17063000
17207500
17234500
17306000
17226500
17523500
17246500
17248500
17071000
17250000
17287000
17042500
16939000
16965500
17291000
16969500
16999000
17543500
17224500
17282000
17283500
17261500
17501500
17175500
17066500
17000500
17029000
17010500
16963000
16965000
17078500
16962500
17288000
17238000
17119500
17005000
17011000
17089500
17044500
17263500
16986000
16985000
17228000
17040500
17007000
16988000
17322500
17024000
17536000
17279500
17235000
17236000
16997000
17493500
17016500
17034000
17280500
17539500
17062000
17019000
17001500
17160500
17233500
17014500
17035000
16924000
17013500
17032000
17084000
17017500
16986500
17215500
17266500
17010000
16874000
17024500
17241500
17009000
17314500
17028000
17010500
17524000
17068500
17193000
17517500
17254500
17012500
17028500
17308500
17204000
17274500
17051000
17010000
17298000
16997000
16930000
16981500
17256000
17015000
17310500
16990000
17013500
17206500
16999500
17501500
16974500
17478000
17016500
16994500
16996000
17238500
17016500
16986500
17236000
16977500
17071500
17304500
17332500
17099500
16954500
17226500
17176000
17471000
17239500
17235000
16962000
17256500
17297500
16917000
17062000
17214000
17483000
17553000
17253000
17243500
16984500
16988000
16992500
17032500
17221000
16978000
16971500
17053000
17009500
17010000
17248500
17037000
17289500
17003000
17276000
17045500
17024000
17240500
17541000
16971000
17002000
17046000
17134000
16987000
16983500
16972000
16989500
16945000
17021500
17277500
17025500
17027000
17015500
17408500
16954000
17223000
16994000
16982500
17051000
16978000
16997500
17291000
16994500
17524000
16999500
17231000
17080000
16985500
16997500
17219000
16987500
17241500
16983500
17291500
17260500
17005500
17475000
17009500
17320000
17059000
17034500
17253500
17303000
17275500
16984000
17189500
16993500
17295000
17043000
17030500
16967500
16928000
16978000
17235000
17245000
17037000
17733500
17024000
17358500
16967000
16947500
16985000
17289000
17192000
17300000
17275500
17012500
17460000
17029500
17261000
17024500
17471500
17050500
17314500
17219000
16983500
17007500
17014500
17250500
17036000
17005500
16969500
17041500
17056500
16990000
17274500
17279000
16986500
17214500
17249500
16982000
17238000
17233500
17566000
17445500
16997500
17073000
16999500
17086500
16961000
17238000
17009000
17079500
16972500
17064500
17062000
16921500
17022000
17245000
17448500
17263500
17068500
17176000
17262500
17529000
17022000
17241000
17276000
17240500
16992500
17027500
16981500
17279500
17295500
17064500
17224500
17007000
17258000
16956000
17092500
17442500
17026500
16991000
17034500
17268000
16975500
16974500
17240000
17254000
17359500
17188000
17264500
17010000
17084500
16956500
17093500
17038000
17062500
17045500
17200500
17069000
17465000
16974500
17287500
17272000
17047000
16991000
17059000
16998500
17105500
17036000
17262000
17296000
17540500
17009000
17025000
17001000
17713500
16953000
17068500
17002000
17042000
17007500
17235000
17010500
17004000
17252000
17447500
16959000
17188500
17233500
16964000
17021000
17101500
16957000
17070000
16994500
17263500
16949000
16971000
16994500
17198000
16980500
17018500
16995500
17242500
17040500
17008500
17042500
17021500
17199500
17244500
16960500
17541500
17000500
17042500
17052000
17535000
16956000
17460000
17231000
16983000
16993500
17010500
16979000
16952500
17265500
17249000
17005000
16998500
17229500
17270500
16928500
17050000
17017500
17041500
17329000
16920500
17253500
17249500
17233000
17260500
17273500
17011500
17233000
17240500
16996500
17449500
16984500
17250500
16982000
17224000
17224000
17276000
17251500
17265500
17265500
17040500
17012500
17247500
17046000
17056500
17279500
17296500
17528000
16968000
17268500
17273500
16998500
17049500
17257000
17006000
17185500
17259500
17238500
17028000
17282500
17055000
17226500
17011500
17175000
16988000
17491000
16970000
16991000
16958500
17035500
17048000
16943500
16924500
17521000
17046500
17199000
17435500
16982000
17035000
16990000
17504500
17064500
17226000
17036000
17004500
17039000
17015000
16955000
16944000
17012000
16986500
17046500
17231000
16970000
16992500
17041500
17042000
17477500
17005000
16961000
17022500
17047500
17311500
17571000
16939500
17270500
17245500
17001000
17176500
17253000
16990000
17323000
17005000
17042000
17076500
16991000
17514000
17029000
17526500
17212000
16986000
16997500
16982500
16991000
17273500
17006500
17322000
16975000
17275500
16973500
17075000
17246000
17074500
17020000
17015500
17069000
17242000
17021500
16982000
16993500
17254000
17482500
17218500
17234000
16960500
17306500
17041500
16984500
16972000
17039000
17052000
16979000
17010000
17059500
17008500
17247000
17035000
17004500
17002500
17261500
17275000
17037500
17005500
17031000
17034500
17205500
16973000
17096500
17059500
17238000
16927500
16979000
17004500
16987500
17255000
17014500
17005000
17224500
16925000
17000500
17041500
17159500
17038000
17217000
17245500
17005500
17044500
17210500
17017000
17235000
16975500
17273000
17197500
17472500
17001500
17279500
16988500
16963500
17021000
17029500
17194000
17223000
17041000
17041500
17306500
17164000
17266000
17450000
17559500
17052000
17242500
17016000
17468000
17228500
17571000
16991000
17074000
16987500
16941000
17036500
17031500
16965500
17322500
17606500
17258500
17289000
17179000
17033500
17011500
17019500
16932500
17212000
17272500
17142000
16962500
16942000
16965000
16958000
17286500
17529500
17216500
17312000
17027000
16935500
17031500
17183000
17287500
17084000
17488000
17042500
17010000
17021000
17296500
17540500
17033000
16972500
17267500
17055500
17049500
17235000
17014500
16960000
17002500
17259500
17019000
17261000
16955500
17031500
16947000
17053000
16972000
17252500
16996500
17033500
17209000
17498000
17270500
17501500
17096000
17263000
17015000
16974000
17011500
16981000
17023000
17259500
16966000
17174000
16953500
16994500
17583500
17227500
17016500
16992500
17225500
16988000
17327500
17281000
17027000
17335000
17040000
17205500
17208500
16962500
16991500
17196000
17253500
17280500
17197000
17231500
17269000
16985500
17555500
17009500
17506000
17303500
17245000
16990000
17273000
17014000
16965000
17295000
17033000
17263500
17048500
16996000
16941000
17272000
16993500
17008500
17306500
17067000
17240000
17037500
17039000
17169000
17041500
16954500
17051000
16985000
17018500
17014000
17033000
17060000
17071000
17052500
17056500
16982500
17252500
17026500
17070000
17065000
16977500
17014000
17236500
17297500
17221000
17027500
17293500
17026500
16979000
16964500
17013000
17013500
17017500
17211500
17066500
17266000
17051500
17041500
16929500
17239000
17239000
17495000
17205000
17243000
17539000
17011000
17048500
17227000
16988500
17095500
17215000
17229500
17210500
17231500
17043000
17220500
17265500
17048000
17784000
17308000
17186000
16916000
17489500
16972000
16993000
16993500
17000500
17061000
17208500
16984500
17009000
17150500
17315000
17044000
16993000
17268500
16958000
17270000
17026500
17021500
17271000
17012500
17272500
17264000
16926000
17471000
17253000
17050000
16959000
17243500
17282500
16977500
16977500
17025000
17236000
17021000
17076000
17225500
16977000
17260000
16997000
17301500
17010500
17021500
17031000
17244500
17029000
16929000
17465000
17501500
17007000
16969500
17264500
17509500
16995000
17233000
16956000
17228000
17020000
17037000
17330500
17005000
17239500
16974000
17010000
16966500
17025000
16989000
16991500
17147500
17008000
16996500
17022000
17048500
16971500
16960500
17042500
17239500
17054000
17068500
16967500
16993500
17069500
16960000
16964500
16973500
17062500
17036000
16962000
17049500
17230500
17028500
16973500
17017500
17021000
17292500
17016000
17263500
17065500
16955500
17743500
17093500
17248500
17016500
17020500
17016000
17282000
17525000
17025500
17458500
17052000
17274000
16973000
16993000
17266000
17212000
16956500
17024000
17028500
16969000
17016000
17001000
17021500
17275000
17026000
17034500
17223000
16997500
17258000
17055000
16984000
17040000
17226000
17044000
16958000
17239500
17080500
17223000
17251000
17261000
17227500
17023000
16997500
17034500
17269500
17250000
17213000
16981000
17001500
17011500
17293000
17260500
17007500
16948000
17219500
17269000
17540500
17098500
17029000
17299000
17023500
17101000
16949500
16981000
17176500
17011000
16955000
17243000
17239500
16999000
16935000
17265000
17000500
17279500
17228500
17009000
17022000
17039500
17030500
17032500
17530500
17027000
17490500
17254500
17008500
17239000
16984500
17037000
17040000
17277000
17013000
17303500
17019500
17214000
17013500
17059000
17062000
17325500
17209000
17175500
16931500
17061500
17072000
17283500
16965500
16975000
16963500
17263500
17280000
16984000
17258500
17034500
16960000
17002000
17530000
17258000
16946500
17009000
17509000
17480000
17050500
17006500
17238500
17307000
16989000
17007500
17033000
17222000
17003500
17015500
17018500
17067000
17513000
17017000
16978500
16975500
17045500
17085500
17025500
17510500
17274500
17190000
17050500
17173000
17017000
17023500
17244000
17054500
17061000
17027000
17063000
17005500
17039500
17008500
17029000
17271500
17065500
17719500
17296500
17004000
16948500
17238000
17550500
16995000
16966000
16976000
17287000
17207500
17005000
17016500
17276500
17212000
17245000
17014000
16994500
17258000
16911500
17008000
17316000
17007500
17248500
17248000
17493000
16961500
17498500
17511000
16997500
17014500
17005000
17781000
16972500
17021000
17041000
17286500
17080500
17223500
17024000
16955000
17579000
17040000
17255500
16983500
17020500
17261500
17279000
17012500
17064500
17269000
17248500
17000500
17013500
17003500
16957000
17287000
17001500
17057000
17306000
17268000
17035500
16984000
17061000
17003500
17300500
17034500
17084500
17225000
17229000
16970000
17270000
16987000
17332500
17263500
17008500
17259500
17210000
17348000
16970000
17278500
16988000
17033000
17257500
16975500
17475000
17198500
17212000
17057500
17089000
17547000
17007500
17284500
17222500
17227000
16939500
17211500
17527000
16995000
17292000
17286000
17239000
17022500
16952500
17215500
17002500
16995000
17231500
17066000
17085000
17058500
16996000
17060000
17194000
17040500
17513000
17004500
17265500
17295500
17292000
17254500
17027000
16994500
17188500
16979000
17476000
17240500
16976000
17236500
17056500
16992000
16978000
17014000
17289000
17209500
16958000
17309500
16947500
16944000
17140500
17268000
17215500
17527500
16945500
16994500
17514500
17027500
17025000
17007000
17511000
16998500
17236500
17607500
17314000
17488000
17044500
17743000
16973000
16970000
16971500
17054500
17007500
17300000
17040500
16972500
17007500
16975500
17247000
17241000
17261500
16987000
17298500
17030000
17062000
17255000
17360000
17329000
17224500
16942500
16976000
17009500
17056000
16969000
17234000
17217500
17027000
17258000
17242500
17352000
17516500
17521500
17249500
17288500
17303000
17249500
16974500
17274500
17266500
17263500
17030500
17077000
17236500
17027000
16999000
16998500
16981500
17002000
16984500
17008500
16966500
16986500
17210000
17281000
17221000
17013000
16948500
17293500
17233000
17248500
17026500
17022000
17517500
17307000
16960500
17032000
16942500
17010000
16989000
16942500
16981000
17070500
17536500
16982500
16951500
17012000
17031000
17509000
17048000
17031500
17014000
16993000
16994000
17212500
17254500
17013000
17278500
16978500
17080500
17028000
17231500
16968500
17453000
17261500
17312500
17266000
17235000
17261500
17227000
17487500
17054500
17002000
16995000
16975500
17237000
17032500
17046500
16988000
16983000
17065000
17311000
17244000
17034000
17043000
16998500
17273500
17039000
16958500
16986000
16944000
17005000
17213500
17003500
17054500
17015000
17011000
17296000
17038500
17271000
17293500
17256000
17484500
17004000
16998500
16995000
17164500
17005500
17264000
17260000
17262000
17000000
17011000
17448000
17019500
17240500
17049000
17224500
17240500
17039500
16989500
17210000
17007500
17264500
17155500
17019500
17194500
16968500
17263000
17040500
17327500
17300500
17349000
16968000
17283500
17007000
17017000
17032000
17272000
17258000
17017500
17268500
17015500
17005000
17225000
17188000
17380000
16991000
17240500
17019000
17030000
17250000
17030000
17220500
17218500
17298500
16965500
17045500
17232500
16983500
16936000
17229500
17044000
17272500
17162000
17245000
17039000
17246500
17278500
17041000
17224500
17278000
17270000
17008000
17052500
17272500
17520000
17306000
17037500
16997000
16982000
17211000
17291500
16997000
17088000
17235500
17360000
17001500
16959500
16981500
17007500
17063000
17242000
17006500
17224000
17051500
16998500
17266500
16961500
17274000
16938500
16990500
17079000
17491500
17285500
17005500
17024500
17003500
17251500
17262000
16966500
16972500
17273500
16907500
17041000
16990000
17241000
17512000
17292500
17285000
17293000
17287000
17004000
16993500
17027500
17042000
17234000
17010500
16975000
17224000
17248500
17030500
17024000
17355000
17199000
17285500
17213000
17229000
17014500
17317000
17059000
17194500
17029500
17036500
16979500
17291000
17009000
16971500
16966500
17052000
17029000
17222000
16988500
17168500
17027000
16993000
17016000
17054000
17053500
17263500
17023500
17044500
17500500
17515000
16977000
17526500
17233000
17321000
17003500
16966000
17013500
17280000
17057500
17031000
16983500
17005500
17031000
17047500
17217500
16965000
17525000
17482500
17015500
17009500
17068500
17026500
17243000
16988500
17016000
17048000
17029500
17181500
17301000
17250000
17268500
17074500
16982500
17344500
17517500
17068500
17257000
16987000
17239500
17060500
17064500
16995000
16986000
17064000
17241000
17032000
17232500
17020000
17310500
17203000
17006500
17188500
16985500
16997500
16938000
17039000
17012000
17202500
17038500
16940500
17024500
16988000
17536000
16972000
17004500
17029500
17053500
17239500
16996500
17263500
17634000
17562000
17297000
17211500
17213500
17022000
17012000
17240500
17064000
16973000
17007500
17059000
17207500
17697500
17046500
17744000
17108000
17249500
17045000
16971000
17014500
16974500
17469500
17180000
17030000
17243000
17211500
17037000
17201000
17005000
16932000
17235500
17006000
17023500
17223000
17257000
17001000
17220500
17288500
17044000
16975500
17198000
17229000
17226500
17040500
17298000
17266500
16995500
16966500
17001500
16981500
17055000
17006000
17506000
17035000
17045000
16969500
17021500
17217000
17514500
17084000
17057000
17015500
17269000
17060500
17160500
17218000
17025000
17022500
17022000
16957500
17435500
17311500
17294500
17474000
17055500
16986000
17526000
17014000
17315000
17021000
16957500
17474000
17219000
17210500
16987500
17261000
17171000
17331500
17090500
17285000
17262000
17026000
17070000
17163500
17499500
17046500
17238500
16997000
17481500
17504500
16985500
17059000
17541500
17008000
17006500
17285000
16984000
17012000
17244500
17251000
17253500
17003500
17242000
17010500
17248000
17016000
17047500
17025000
16979500
17055000
17034000
17047000
17220500
17258500
17030500
16984000
17026500
16977500
17522000
17009500
17334000
16980500
16985500
17487500
17307000
16977000
16990000
17529000
16952000
16951500
17007000
17012500
17248000
17268000
17200500
17292500
17220000
17307000
17341500
17258000
17059500
17001000
17277000
17039000
17231500
16994500
17015500
16991500
17234000
17466500
17293000
16949500
17055500
17061000
17286500
16985500
17000500
17055000
17171000
17242500
17333500
16975000
17066000
16981000
17019000
17011000
17002500
16983500
17277500
16976500
17221000
17212500
17073000
17024500
17282500
17006000
17281000
16996000
16995500
16997000
17012000
17060500
17229500
17065000
17021500
17114500
17459000
17060500
17023000
16966000
17273000
17292500
17049500
16980000
16964500
17512000
16938500
17239000
17215500
17215500
16932000
17020000
17044500
17502500
16984500
16992500
17528000
17024500
17285000
17202500
17315000
17002500
16976000
17019000
17521000
17039000
17091500
17233000
16994000
17186500
16923000
16990000
17240500
17251000
17021500
17521000
16951500
17243000
17208500
17514000
17019000
16959000
17004000
17261500
17254000
17240500
17260000
17260000
17022500
16998000
17224500
17316500
16999500
17221000
17062500
16985000
16971500
17035500
16955500
17229500
17519500
17282500
17317500
16997500
17015500
17218500
17262000
17002500
16933000
17258000
17025500
16941000
16990500
17043000
16980500
17469500
17281000
16977000
17281500
17040500
16999500
16936000
16965000
17250000
17012000
16997500
17279500
17024500
16991500
16985000
17025000
17254500
17274500
17235500
17331000
16999500
17268000
17318500
17021500
16981000
17041000
17249000
16969000
17227000
17243000
16976500
17520500
17255500
17185500
17004500
16991500
16987500
17282500
17104500
16951500
17297000
17254000
17264000
17243500
17025000
17025000
17718000
16990000
16989500
17288500
17263500
17053500
17232500
16972500
17010000
17010500
16986500
17448000
17079000
17276500
17227000
17206500
17002000
17234500
17220500
17076500
17057000
16996500
16973000
17219000
17004500
17013500
16983500
17242000
17266000
17499000
17030500
16971500
17228500
17068000
16995500
17259000
16975000
16986000
17254000
17006500
17318000
17267500
17042000
17086000
17099500
17019500
17259000
17720500
17287000
17285500
17312000
16963500
17011500
17092000
17008500
17696500
17298500
17228500
17034500
16975500
17023500
16997500
16995500
17230000
17250000
17056000
17028000
17348000
17329000
17028500
17010000
17016500
17037500
17040500
17274500
16990000
17294500
17052000
17073000
16942500
17519500
17206000
17216500
17262500
17239500
17191500
17004500
17037000
16996000
17284000
17286500
17243000
17197000
16979500
17338000
16952000
17236500
17035000
17224000
17046000
17037500
17113000
17062500
17256500
17240000
17049500
17562000
17554000
17256000
16997000
16973500
16979500
17000500
17532500
17237000
17007500
16957500
16994500
16991500
17032000
17025500
17004000
17216000
17204500
17241500
16964000
17037000
17221000
17004000
17187000
17258500
17283000
17254500
17207500
17230500
16978500
17021000
17001500
16970000
16962000
16928500
17273000
17059000
17059000
17253500
17291500
17066500
16994500
17257500
17012000
17030000
17184500
17216000
17283500
16982500
17017500
17016500
16992500
17002000
16992500
17312500
16955500
16996000
17187000
16989000
17025500
17251500
17061000
17482000
17228500
16991500
17048000
16990000
17020500
17066000
17007500
17215500
17275000
17257000
17286000
17267500
17293500
17237500
16992500
17570500
17028000
17242500
17309500
16973500
17014000
17257500
17009000
17322500
17045500
17007000
17534500
17258000
17203000
17035500
17020500
17255500
16980500
17220000
16999000
16966000
17031000
17331000
17261500
17011000
17544000
17016000
16999500
17582500
17279500
16996000
17464500
16979500
17246000
16986000
17214000
16975000
17302000
16995000
17242000
16979500
17035000
17280500
17259000
17542500
17222500
17209500
17216000
16932000
17281500
17280000
16978500
17060000
17023000
16990000
17229000
16988500
17249500
17019000
16963500
16998000
16996000
16983000
17647000
17001000
17259500
17490000
17542500
16998500
17046000
17018500
17296000
16986500
17260000
17175500
17301500
17048500
17051500
17000500
17009000
16957000
17012500
17209500
16949000
17063000
16939500
17014000
17023500
17037500
17237500
17035000
17022500
17028500
17244000
17062500
16987500
17218000
17287000
17335000
17010500
17302000
16958500
17017000
17029000
17021500
16983000
16967500
17239000
17248000
17228000
16991000
16972000
17002000
17165000
17281500
17550500
17297500
17532000
17450500
17480500
17464000
17302000
17034000
17247000
17309000
16918500
17243000
17517500
17028000
16993000
17353000
17231000
16948000
16973000
17272500
17235000
17293500
17045500
16980000
17267000
17019500
16975500
17184000
17267500
17214000
17021000
16963500
17219000
16981500
17038500
16963000
17209500
16992500
17465500
17286500
17029500
17008500
17280000
17018500
17043000
17035500
17536000
17214500
17290000
17258500
17267500
16937000
17220000
17011500
17273500
17284500
17043500
17292500
16974500
17009500
16962500
17293500
17260000
17013000
17228000
17233000
17020500
17524000
17013000
17237500
17073500
16946500
17490000
16995500
17327000
17051500
16964000
17048500
17212500
16990500
17545500
17031000
17062000
16976500
17032000
16995500
17218500
17058500
16961500
17246500
17481000
17023500
17546500
17069000
17038500
17244500
17015000
17312500
17326000
17554500
17034500
17307000
17255500
17036000
17227500
17011500
17275000
17060000
16984500
17307000
17048000
16982500
17234000
17170500
17001000
16951500
17018000
16930000
17000500
17005000
17311500
17271000
17267000
17229000
17020500
17260500
17280000
17051000
17238500
16962000
17025000
17225000
17007000
16928000
16902000
16945000
17004500
17247500
17035500
17541000
17077000
16973500
17031500
16992500
17017000
17221000
17004000
17273000
17007000
17536500
17332500
17025500
17022500
16970000
17014500
17516500
16968000
16998000
17553500
16978500
17232000
16958000
17018000
17275000
17247500
17036500
17051000
17202000
17515500
17177000
17544500
17039000
17052500
17507000
17025000
17421500
17249500
17188000
17230500
17038500
17684500
17083000
17237500
16921000
17017500
17226000
17223000
16965000
17247000
16998500
17078000
17023500
17051000
17208500
17006500
17557500
17017500
17017500
17004500
17275000
17271000
17292000
17194000
17221000
17047500
17269500
17306000
17033000
17282000
16998000
17220000
17017500
17024000
17036000
17040000
17011500
17208500
17077500
17236500
17306500
17055000
16958500
16977500
17533500
17047000
16997500
17059500
17060500
17024500
16991500
17287500
17221500
17334000
17513000
17487500
17230000
16984500
17503500
17254500
16985500
16981500
17001000
17553500
17212000
17251500
17003000
17197500
17063500
16981000
16968500
16928500
17021500
17302000
17039000
17476500
17015000
17198500
17317500
17497500
17032500
17038000
17243500
17011000
16974000
17241000
16973500
17008000
16919000
17228500
17243500
17273000
16967500
17303500
17234500
16977000
16959000
17491000
17014000
17297500
17195500
17243500
17005500
17045000
16992500
17258500
17025000
16995500
17061500
17037500
17257500
17745500
17023000
17013500
17227000
17241500
16987500
17240500
17231500
16933500
17215000
17015000
17231500
16939000
17032000
17255000
16990500
17257500
17012000
17559500
17205500
17038000
17247000
16990500
17009000
17260500
17015000
16973000
17278000
16936500
17014000
17265000
17185000
17003500
17022500
17243000
17202000
17048000
17300500
17250500
17002000
16948000
16993000
17071500
17034500
16961000
16985000
17304500
17152000
17042500
17219000
17250000
16984500
17221500
17242000
17009000
17039500
16958500
17014000
17326000
17108000
17278500
17027000
17314000
17188000
17473500
17030500
17012500
16980500
16980500
17016000
17512500
17525000
16979000
17195500
17008000
16938000
17013500
17064500
17004500
17486000
17037500
17253500
17036000
17245500
17270500
17303000
17252000
17307500
17445500
17205500
17285000
17076500
17061000
17295500
17003500
17072500
16984000
17279000
16979500
17153500
16972000
17288000
17283500
16980000
17255500
17030000
16989500
17539500
17224000
17086000
17173000
17232000
17027000
16948000
17204500
17199500
16992000
17206000
16943000
17231000
17247000
17240500
16980000
16988000
17244500
17056500
16926000
17315000
17009500
17225500
17285500
17066000
17730000
17291500
17010000
17338500
16915500
17245500
17002500
17257500
17525500
17025500
17065500
17275500
17236000
16974000
16978500
17005000
16948000
16935500
16994000
16942500
16980000
17056000
17232500
17019500
17000000
16877000
17230500
16991500
17253000
17229500
17485500
17032000
16963500
17493000
17171000
16996000
17008500
17013000
17272500
16987000
17534500
17258000
17030000
17000000
17040000
17015500
17272000
17018000
17271500
16985500
17243000
17051500
17289000
16924500
17056000
17284000
17038500
17243500
17036000
17004500
16936000
17063000
17059500
17054500
17221000
17287000
16990000
17025000
17487500
17251500
17085000
17038000
16948000
17290000
16944000
17291500
17025500
17084000
17008500
17060000
17241000
16946000
16986500
17008500
17056500
17299500
17006000
17012000
17561000
17694000
17045000
17302000
17016500
16980000
17011500
17001000
17029000
17538500
17072000
17222500
17321500
17543500
16975000
17025500
16972000
17037000
17072000
17296000
16995500
17039500
17204500
16985000
17035500
17017000
17250000
17242000
17483500
17222000
17015500
17031500
17038500
17054000
17218500
17273000
16997000
17251500
16950000
17036000
17002000
17281500
17260000
17040000
17034000
17018000
17506500
17263500
17284000
17323000
17048500
17000000
17307000
17087000
17035000
17024000
17328500
17020000
17010500
17445000
17073500
17021000
16920500
17013500
17007000
17266000
17002000
17033500
16967500
16960000
16962500
17254000
17005000
16981000
17041500
17059000
16973000
17008500
16956500
17008000
17017500
17229000
17226000
17096500
16995000
17223000
17515000
16955500
16991500
16994500
17002000
16962000
17045500
17038500
17044000
16976000
17078000
17288000
17171000
17261000
17085000
16984500
17039500
17005500
16948000
17224500
17268500
17329000
16984500
17005000
17298500
17002500
16997000
17033000
16945500
16956500
17233000
16984000
16985500
16976000
17018500
17052500
16967500
17293500
17269000
17026500
16967500
17289000
16907500
17246000
16980000
16930000
16993000
16956000
17045000
17261500
17250500
17216500
17210500
17055500
17055000
17055500
16969500
17226000
17527500
17247500
17275000
17012000
17067500
16970500
17254000
17264500
17497500
17087500
17199000
17286000
16997500
17249000
17215000
16968500
17306000
17497500
17049500
17242500
17744000
17002500
17012000
17270500
17179000
17040000
17568500
17241500
17261000
17024000
17248500
17288000
16978500
16969000
17306000
17485500
17011500
17201500
16989500
17235500
17257000
17025000
16974000
17048000
17220000
17197500
17249000
17154500
17267000
17958000
17011000
17034000
17068500
17083500
16990500
17215500
17470000
17009000
17065000
17042500
17246500
17247500
17044500
17005500
17009500
17073000
17285500
17038000
17203000
17443500
16976500
17223500
17201000
16997500
17020500
17245000
17543500
16980000
17028500
17005500
17044000
17268500
16986500
17040000
17312000
17222000
17054000
17293000
17031000
17282500
17050500
17035500
16988000
17300000
17202000
17069000
17268500
16955000
17479000
16994500
17258500
17050000
16987500
17271000
17010500
16974000
17438500
17523000
17267500
17262500
17409500
17013000
17012500
17274500
16970500
16999500
17040500
17026000
17233000
17033500
17027500
17043500
17049500
16983000
17256000
17737500
17040000
17274500
17327000
16942000
17069500
17017000
17260000
17471000
16976500
16942500
17040500
16990000
16939500
17021000
16967500
17045000
17476500
17504500
16915000
17203500
17011000
17077000
17036500
16959000
16989500
17010000
16994500
17227500
16964500
16965500
17498500
17004500
17097500
17172500
17254500
16995000
17186000
17357500
16985000
17198000
17005000
16998000
17267500
17254500
17297500
17198000
16988000
17264000
16978500
17231000
17261500
17207000
17205500
17562500
17238000
16990000
17214500
17065500
16955000
17328000
17246000
17082500
17001000
17204000
17007500
17257000
17254500
17248500
17009500
16999500
17239000
17304000
17358000
17003500
17258500
16921000
17249500
16996500
16973500
17231000
17231500
17050500
17487500
16995000
17273500
17003500
16975000
17025000
17028500
16977000
16999500
16974500
17023000
17026500
17044000
17321500
16946500
17247000
17187500
17244500
17219000
16976000
17015500
17243500
16923000
17243000
17052000
17042000
17023000
17456500
17263000
17042500
17072500
17265500
17004000
16989000
17030500
17268000
17070500
17004500
17225000
17039500
17235000
16945000
17005500
17234000
17020500
17279000
16990000
17305500
17273000
17224000
17247500
16978500
17714000
17014500
17240500
17448500
16951000
17059500
17039000
16988500
17021000
17209000
17053500
16985500
17067500
17264000
17197000
17289500
17031000
16969000
17256000
17370000
17060500
17003000
17025000
17029000
17025500
16984500
17048500
17027500
17521000
16999000
17296000
17329000
17034000
17249500
17010500
17294000
16958000
17266500
17205500
17014000
17025500
17221500
17254000
17257500
16986000
17258500
16990000
17027000
16917500
17006500
16971500
17026500
17243500
17036500
16993000
17004500
16973000
16972000
17192500
17220500
17204500
17272000
16980500
16949500
17001000
17198500
16991000
17271500
17023500
17004000
17007500
17053500
17240000
16999500
17037500
17074500
17213000
17249500
17273000
17214500
17529000
16992500
17174500
17023500
17308500
16962000
17476500
16924000
17026500
17055000
17004500
16942000
16999500
17294000
16982000
17284500
17227000
16996000
16957000
17064500
17428500
17254500
17339000
16993500
17260500
16984500
16995500
17146500
17046500
17280500
17216000
17252500
16999500
17040500
17057500
17539500
17228500
17054000
17324000
17014000
17292000
17005500
16961000
17202500
17267500
17154000
17027500
17065500
16989000
17014000
16981000
17054000
17285000
17268500
17508500
17039000
16989000
16993000
17441000
17005000
17050000
17045000
17043000
17299500
17272500
17003000
17231500
17047000
17195000
16953500
17273000
16985000
17251000
16989500
17254000
17014000
17017000
17022000
17032000
17319000
17268500
17014000
16971500
17018000
17018000
17373000
17244000
17030500
17225000
16949500
17007500
17214500
17293000
17060500
16925500
17014000
17015000
17230000
17005000
17263000
17166500
17062500
17016000
17470500
17086500
17682500
17059500
16984500
16982500
16986500
17258500
16999500
17042500
17028500
17483500
16969000
16994000
17329500
16992500
17025500
17286000
17203000
16993000
17331000
17051500
17262500
17017500
17037500
17234500
16965000
17059000
17268500
17235500
17279000
16973000
17077000
17254500
17317500
17244000
17272000
16979500
17015000
17223500
17344000
16978500
17018500
16984000
16984000
17333000
17533500
17015500
17041000
17240500
17504000
16994500
17005000
17004500
16967500
17023500
16996000
17328500
16996500
16948000
17303500
17012000
17300000
16991000
17352000
17026500
17025500
17488000
17264500
16960000
16998500
17247000
17034500
17005500
17002500
16981500
16999500
17009500
17251500
16951500
17251000
17025000
17022500
17300500
17338500
17251500
17280500
17238000
17161500
17173500
16996500
17058000
17176000
16998000
17063500
17050500
17053000
17222000
17053500
17259500
17247500
16970000
17537000
17210000
16953500
17248000
17332500
17018000
17266000
17334500
17095500
17317500
17048000
16966000
16970500
17459000
17217500
16994500
16973000
17056500
16981500
16990500
17308500
16888500
17063500
17285000
17456500
17259500
17057500
17277000
17001500
16964000
16965500
17221500
17005500
16990500
17013000
17012500
17249500
17519000
17238500
17034500
16992000
17213000
16914000
17061500
17333500
16991500
17211000
17061000
17259500
17068500
17015000
17526000
16979000
17020500
17055500
17306500
16998000
16966500
17266500
17078000
17277000
17025500
17026000
17255500
17036500
17555000
17253500
17024000
16977000
16919000
17000500
17056000
17453500
17206500
17056000
16990500
17296000
17011500
16991000
17247500
17299500
17013500
17021500
16988500
17023000
17246000
17246500
17127500
17197500
17037500
17204500
16975000
16990500
16970500
16971000
17033000
17220000
17036000
17207500
16976500
17262500
17278000
17031500
17197000
17005000
17015000
17273000
16950500
17225500
17014500
17237000
17069000
17046000
17031000
17032000
17256500
16986000
17008000
17255000
17244000
17250500
17037500
17009000
17027000
16985500
17023000
17316000
17013000
17011000
17265500
17247000
16949500
17021000
16971000
16996500
17480500
17002000
17315500
17243500
17230000
16999000
17000000
16977500
16967500
17288000
16992000
17039500
17053500
17258000
17080000
16992000
17259500
17273500
17015000
17274000
17287000
17284500
17566000
17429500
17062000
17222000
17274500
17012500
16988500
16992000
17223500
17052000
17029500
17290500
17267000
17267500
17032000
17241500
17001000
17217000
17251000
17073500
17262500
16920500
17193500
17005000
17259500
17014000
16987000
17023500
17525000
16979500
17036500
17016500
17265500
16959000
17080500
17017000
16994000
17246000
17266500
17218500
17547500
17258000
17254000
16986500
16941500
17185500
17217500
17051000
17029000
17430000
17026000
17256500
17225000
17035000
16950000
17253000
17476000
17020500
17007000
16955000
16946000
16968000
17197000
17005000
17292500
17052000
17079500
17010500
17234500
16934500
16989500
16963500
17039000
16950500
17027000
17033500
17247500
17243500
17517500
17264000
17039500
16980500
17217500
17068000
17320500
17317000
17302500
17271000
17073000
17017000
16967000
17290000
16995000
17470000
17040000
17012500
16991000
17022000
17183000
17001000
17013000
17041500
16950000
17062500
17018500
17188000
17246000
17046000
17235000
16987500
17240500
17028000
17201000
17012500
17469500
17017500
16987500
16997000
17200500
17001500
16990000
17017500
16927000
17208500
17585500
17031000
17060000
17028000
16993000
17010500
17191500
16995000
17314500
17052000
17044500
16968000
17068500
17045000
17253500
17547500
16999500
17182500
17233500
17257000
17456000
16998000
17273000
17025000
17054000
17213500
17035500
17043500
16993500
17036500
17275000
17052500
17202000
17239000
16975500
17198000
17331000
16975000
17064500
17247000
16911500
16983500
17033000
16968000
17230500
17175500
17193500
17080500
16982000
17259000
16989000
17000500
17011500
16970000
17233000
17000500
16980500
17286000
17008500
17289000
17000000
16988000
17256000
16958500
17194000
17070500
16972500
17265000
16977500
17567000
17216000
16979000
17031500
16937000
17536500
17260500
17020500
17214000
16963000
17004000
16986000
17037500
17252500
17532000
17028000
17046500
17046500
17054500
17261500
17060000
17491500
16970000
17214500
17005500
17061500
17023000
17319500
17517000
17027000
17120500
17071000
16977000
17566000
17042000
17021000
17287500
17039000
17183500
17017000
17015500
17600000
17039500
17529500
17015000
17260500
17268500
17018500
17314500
17064000
16987000
17214500
17081500
16962000
17014000
17229500
17230000
17194000
17011500
16958000
17481000
17291500
17082000
16964000
17283000
17010500
17485000
16973000
16982500
17023500
16985000
17277000
17272000
16975500
16958500
17021000
17019000
17020000
17027000
17006500
17036500
17029500
16959000
16978500
16977000
16922500
16983000
17268000
17002500
17038000
17044000
17493000
16998000
17297500
17003000
17308500
17148500
17224500
17223500
16966000
17023000
17265500
17492000
17022000
17008000
16986000
17144500
17072000
16983000
16954500
17472000
17259000
17022500
17276000
17014000
17196000
17301500
17010500
17439000
17241000
16979000
16958500
17231000
17227000
17305500
16999000
17247500
17030000
16977000
17214500
17008500
17009000
17174000
16992500
17040000
17267000
17249500
16993500
17504500
17262500
17025000
16981000
17003000
17004000
17007000
17218500
16981500
17050000
17121000
17218500
17492500
17016000
17239000
17246000
17207500
16992500
17214000
17088000
17332500
16992000
17032500
17001500
17032500
17037000
17184000
16965000
17083000
17091500
17016000
17497000
17007000
17516000
17218500
17021000
17035500
17261500
17047000
17063500
16996000
16984500
17060500
17295500
17008500
16961500
17104000
17002500
17223000
17242000
17269500
16976000
17450500
17022000
17223500
17241000
17004000
17023000
17028500
16990500
17011000
17302000
17029000
17254000
17261000
16950500
16933500
17024500
16962000
17277000
17056000
17027500
17047500
17048500
17281500
17046000
16992000
17016000
17057500
17015500
17233000
17048500
17049500
16981000
17011500
17061000
17266500
16946000
17267500
17256000
17014500
16981000
17260500
16970500
17263000
17503500
17547000
16969000
17240500
17048500
17013000
16964000
17528500
16972000
17095500
17019000
17013500
17681000
17079000
16975500
16960000
16962500
17219000
17171500
17135000
17051000
17016500
16996500
16949500
17257500
17230500
17280500
17260000
17268000
16993500
16970000
17019000
17046500
17083500
17289000
17238500
17192000
16993000
17243500
17278000
17252000
17057500
17034000
17233000
17003500
16988000
17222000
17021000
17241000
16956500
17292000
17270000
17265000
17293500
17271500
17004000
17003500
17287000
16969000
17179000
17025500
17012500
16954500
17276500
16995500
17287000
17028000
17241500
17273500
16978000
16998000
17216000
16954000
17293000
17592500
17035000
17069500
17214000
16983500
17217500
17207000
16985000
17165500
17290000
17027500
17447000
16964500
17015500
17033500
17257000
17222000
17295500
17477500
16993500
17304000
17031500
16995500
17243000
16984500
17338000
16984000
17027000
16964500
17327000
17282500
17049000
17076500
17025500
17303000
16979500
17275000
17009500
17044500
16947500
16986000
16994500
17028500
17264500
17292500
17526500
17228500
17233500
17530000
17098000
17022500
16971500
16964000
17040000
16953500
17464500
17214500
17250000
16998000
17027000
16990000
16957500
17005500
17228000
17272000
17046500
17212000
17325500
17508000
17055000
17062000
16986000
17504500
17244000
17053500
17010000
17011500
17285500
17291000
16958500
16986500
17006000
17289500
17263500
16977000
17253000
16992000
16998500
17245000
17039500
17229500
17050000
17255500
17184000
17562000
17508000
17056000
17027000
16968000
17022000
16996500
16936500
17019500
17291000
16982000
16993000
16971500
17045000
17230000
17042500
16955500
17308000
17523500
17262500
17031500
17302000
17451500
17201000
16976000
17234000
17206500
17264000
17301000
17004000
17004500
17035500
16958000
17224000
17020000
16987500
17524000
17334000
17215000
17152000
17198000
17003500
17250500
17230000
16933500
17576000
17002000
17051000
17265500
17510000
17025500
16950000
17262500
16958500
17222500
16968500
17013500
16953500
17291000
16975500
17055000
17026000
17288500
17034000
17232000
17249500
17001000
16990500
17019500
17232000
17487500
17026000
17496000
16991000
17018500
16991000
17490000
17189000
17011000
17026000
17313500
17231000
17522500
16981000
17252000
16976000
16932000
16981500
17055000
17242000
17328000
16985500
17261000
17298500
17470500
17268000
17259500
17014000
17023000
17307000
16949500
16983000
17025500
17269000
16987000
17213500
17006000
16983500
17022000
16988000
17204000
17268000
17252500
17255000
17283000
17104000
17011000
16985000
16967500
16953000
17034000
17042500
17065000
17029500
17060500
17502000
16961500
16942000
17011500
17007000
17019500
17251500
16959000
17035500
17223500
17534500
17030000
16972500
16962000
17501500
17258000
16994500
16995000
17268500
17212500
17018000
17254000
17522500
17509000
16988500
17056500
17497500
17019000
17487500
17243500
17008000
16988500
17510000
17674500
16999500
17267000
17008500
16985500
17025500
17237500
17040000
17021000
17062500
16969000
17006500
17014000
16999000
17230500
17045000
17253000
17262500
17267500
17052500
17005500
17098000
16975000
16980000
17215500
16996500
17011000
17237000
16964500
17038500
17199000
17026000
16989500
16973000
17011000
17293500
17322000
17046500
17449500
16989500
17289500
17527000
17008500
17300500
17035500
16984500
17230500
17038500
17495500
16974000
17031000
17250500
17072500
17541000
16931000
17104000
17046000
17206000
17291000
17037500
17002500
17153000
17010500
17000000
17233000
17277000
16975500
17272000
17220500
17011000
16983000
16961500
17266500
17254000
16987500
17216000
17079500
17221500
17045000
17266000
17264500
17513000
16991500
17196000
17483000
17248000
16970000
17186500
17037500
17306500
17028000
17269500
17257000
17236500
17293500
17071500
17292000
17041000
16994000
17003500
16975000
17281500
16994500
16972500
17059000
17285500
17033500
17243000
17234500
17257000
17030000
17271000
16970500
17043000
17540000
17014000
16951000
17187500
16970500
16977500
17034500
17235000
17032500
17298500
16978000
17255000
17001500
17007500
16972000
17240500
17005500
17215000
17081500
17055500
17070500
17050000
16992500
17019000
17043500
16991000
17005000
17018500
17656000
17020000
16968500
17020500
16997000
16995500
17247500
16994500
16990000
17340500
17217500
17040500
17001500
17533500
16932500
17291500
16983000
17325000
17246500
17233500
17088000
17024000
16995000
16950500
17026500
17243000
17259500
17218000
16959000
17061000
16996000
17268000
17234000
17031500
17259000
16996500
17040500
17052500
17385500
17218500
17044500
17273500
17030000
17321000
17327000
17344500
17029000
17025000
17006500
17016500
16975000
17232500
17491000
17052000
17050000
17268000
16977500
16977000
17229000
16979500
17237500
17011000
17307000
17251000
17198500
16961500
17016500
17063500
17266000
17338500
17001000
16947000
17033000
17008500
17565500
17024000
16986500
17040500
17247500
17211500
17041000
17236500
17006000
16946000
17243000
16976000
16942500
16987500
17549000
16988500
17184500
16983500
17021500
17537000
17034500
16967500
17279000
17009500
17238000
17031000
17583500
16994000
16986500
16940500
17077000
17296500
17064500
17260500
17234000
17031500
17506500
17042000
16949000
17193000
16997500
17000500
16931500
17004000
17053000
17526000
17039000
17025500
17293000
17046500
16952500
17239000
17025500
17278500
17071500
17318000
17184000
17046000
16937000
17056000
16985000
17222500
17039000
17292500
17285500
17207000
17200500
16994500
16970000
17014000
17234000
16977000
17225500
17024000
17527500
17316500
16989000
17230000
17012000
16992000
17269000
17011000
16954500
17471500
17051500
17028000
16990500
17000500
16955000
17223500
16990000
17322500
17234000
16965500
17253000
17299500
17272000
17029000
17083000
17245000
17261500
17521000
17525500
17041000
17250000
17071500
17517000
17570000
17061000
17085500
17251500
16993000
17041000
17240500
17261500
17292500
17240000
17325000
17051000
17036500
17037500
17280000
16966000
17141000
17217500
17292500
17041500
17005500
17026000
16882000
17242000
17296000
17228000
17318000
17310500
17249500
17243000
17244000
17211500
17541500
16977000
17188500
16923500
17055000
17543000
17073000
16952500
16943500
16990500
16985500
16994000
17260500
16976500
16975500
16986000
17250000
17040500
17321500
16869500
16905000
17081000
17244500
17233000
16945500
17531500
16969000
17015500
16942000
17189500
16978500
16956000
16966500
17482000
17049500
16939000
17252500
17006000
17219500
17241500
17029500
17301000
17028000
16991000
17079000
17275000
16932500
17268500
17225500
17079000
17021500
17017000
17016500
17217000
17272500
17032500
17006000
17001500
16965500
17162000
17017000
17038500
17032500
17064500
16986500
17011000
17252000
17056500
17005000
17014000
17546500
17012000
17006000
16940000
17001000
17213000
16965000
17038500
16974500
17504500
17204000
16972000
17044500
17256500
17035000
17054500
16955500
16986500
17002000
16956500
17055000
17050500
17010000
17222000
17210500
17018000
17235500
17058000
16926000
17022000
17297500
17233500
16977000
17223500
17262500
17218500
17051500
17083000
17058500
17263500
17496500
17295000
17266000
17228500
16957500
17260000
17020500
16993500
17193000
17253500
16998500
17195500
17021500
17219000
17005500
17053000
17042000
17228000
17034500
16979500
16968000
17273500
17225500
16993000
17096000
17037000
16991500
17082000
17270000
16992000
16964500
17302000
17208500
16987000
17300500
16959500
17235000
17254000
17011500
17280500
17033500
17056500
17037000
17014500
17236500
16983000
17025500
17288500
17060000
17015000
16980500
17228500
17062000
17049500
17210500
17199500
17075000
17063500
17218500
17515500
17044000
17274000
17212000
16986000
16988000
17210500
17245500
17022000
17043000
16977000
17020500
17465000
17303000
16982500
16977000
17049500
17247000
17232000
17015500
17245000
17042000
16948500
17447000
16985500
17273000
17277500
17296500
16935000
16990500
17198000
16992000
17019500
16995500
17539500
17070500
17294000
17037000
17238500
16987000
17052500
17005000
17276000
17204000
16971500
16924500
16963000
17000000
16966500
16968500
17023500
17045000
16994500
16971000
17254000
17017000
16945000
17009500
17266500
17271500
16988000
17288500
17256000
17265000
16980500
17553000
17293000
16978500
17232000
16999500
17016000
17184500
17257500
17302500
17403500
17236500
16945000
16944000
17018000
17007000
17263500
17220500
16960500
16983500
17516500
17005500
17213000
17009500
16998500
16998000
17337500
16969500
17028000
17284000
17241000
17246000
17262000
16936500
17056000
16984000
17045500
17090000
16982000
16972500
17229500
17292000
16970500
17476000
17214500
17301000
17033500
16996000
17035500
16951000
17057500
17491500
17253500
17053500
17023500
17190500
17114500
16941500
17238000
17042500
16941000
16971500
17291000
17077500
17019500
17033000
16992000
17251500
17455500
17018000
17259500
17231000
16965500
17010000
17272500
17093000
17227000
17031000
16973000
16978000
17524000
16964000
17027000
16989500
17244500
17063000
16967500
17269500
17272000
17258000
17195000
16982500
17018000
17024000
17012500
17223500
17039000
17184000
17313500
16974000
17110500
17048000
17008500
17272000
17256500
17292000
16911000
16986500
16979000
17006000
17063000
17504500
17062500
16974000
17052500
17002000
17080000
16996000
16946500
17240000
17035500
16985000
17266500
17258500
17079000
17007500
17011500
17065000
16984000
17242000
17257500
17027000
17057000
16989500
17268500
17049500
17269000
17017500
17259000
17012000
17050000
17048500
17122000
17251500
17013500
16985500
17231500
17023500
17007000
17068000
17000500
17223500
17241000
17467500
17061500
17308000
16982500
17303500
16965500
17254000
16980000
17212500
16989500
17252000
16954000
17569000
17262000
16992000
17257500
17251500
17466000
17011500
17232500
17026000
17004000
17239000
17025500
17033000
17335000
16957500
17046000
17224000
17030000
17012500
17234000
17218000
16992500
17013000
17318500
17026500
17068000
17340000
16975500
17021000
16959500
17579500
17548500
16982500
17035000
17048000
16953000
17016000
16900000
17021500
17271000
17204000
17550500
17034000
17360500
17243000
16989000
16943500
16938000
16958000
17296500
17015500
16970500
17061500
17015500
17460000
17015500
16910000
17330000
16976500
16984000
16996500
17271500
17264000
16995500
16949500
17005000
17208000
16990500
16956000
17012500
16976500
17272000
17265000
17253500
17010500
16963000
16993000
17254000
17274000
16993500
17238500
17484500
17189500
17304500
17233000
17519000
17254500
16998000
17001500
17206500
17007500
17184500
17114500
17227500
16986000
16974500
17547000
17319000
17242000
17038500
17047500
17310000
17031000
16989500
16959000
17007000
16989500
17052000
17271000
17535000
17010500
16995000
16967500
17235000
16977000
17294500
17277000
16954500
16974000
16928000
17260500
17026000
16946000
17252000
16987000
17264000
17069000
17272000
17074500
16967000
17012500
17080000
17254000
17022500
16982000
16976500
16997500
17260500
17056000
17312500
17002000
17044500
17285000
17268500
17001500
17317000
16946500
17047500
17280000
17231000
17263000
17015000
16988500
17012500
16960500
16970500
17018500
17012500
17290500
17547000
17257000
17030000
17041500
16996500
17007000
17033000
16974000
17007000
17016000
17043000
17016000
17255000
17058500
16949500
16993000
17185500
17052500
17015500
17561500
17003000
16987500
17197500
17039500
16990000
17236500
16995500
16972000
17238000
17010000
17508500
17604000
17198000
17481000
17035500
16987000
17083000
17239000
17275000
17255000
17194500
16978000
17040500
17004500
17043500
17225000
17781000
17303500
17240500
17042500
17059500
17015500
17281500
17219500
17321500
17253500
17225000
17282000
16954000
16961500
17079500
17029000
17039000
17008000
16995000
16972500
17188000
16982000
17027500
16944000
17015000
17010000
17201000
16969000
17299500
17004500
16979500
17246500
17063000
17314500
17230500
17588000
17215500
17043500
16984500
17293500
17233000
17522000
17003000
16965000
16918500
16991000
17259500
17072000
17542500
17296500
17508000
17413500
17293000
16961500
17256500
17066000
17200500
17457000
17035500
16999500
16996500
16994000
16965000
17268500
17014000
17248500
17263000
17333500
17038500
17237000
17386500
16959500
17279000
17498000
17005000
17095000
17046000
16986500
17226500
17001000
17017000
17056000
17486000
17003000
17484000
17242000
16921500
16986500
17506000
16982500
17173500
17259500
17510000
17236500
17036000
17209500
17023500
17055000
16958500
17608500
17035000
17017000
17020000
16983000
16980500
16995000
17003500
17003000
17056000
17222500
17237500
16977500
17083500
16984500
17017500
16958000
17206500
17012000
17006000
17533000
17276500
17022500
16963500
17221000
17034000
17010500
17254000
16984000
17280000
17006000
16986500
17290500
17195000
17010000
17312500
17052500
17003500
17024500
16998000
17247000
17006500
17010500
17297500
16953000
16968000
17224500
16976500
17025500
17069000
17200500
16951000
17503500
17241500
17192500
17183000
17213500
17292500
17012000
17555000
17177000
16997500
16967500
17521000
17278500
17073500
16965000
17052500
16972500
17211500
17041500
17032500
17268000
17015500
17502500
17055000
17204000
17045500
17259500
17211500
16986000
16937500
17255500
17257000
16964500
17254000
16997000
17078000
17223500
17246000
17226000
17250000
17058500
17330000
17052000
17262500
16993000
16976500
16989500
17475500
17219500
17275000
17052500
16942000
17182500
17246000
17281500
16992000
17173000
17109500
17529000
17002500
17249500
17016000
17015000
17461000
16987000
17046500
17230500
17003000
16996000
17256000
17232500
17011500
17020500
17226000
16943500
17017500
17309000
17200000
16977000
17038000
17037000
16949000
17247000
17012500
17514000
17210000
16954000
17203500
16959500
16973000
17023000
17262000
17222500
17243000
17210000
17309000
17288500
17465000
17038500
17506000
17296000
17215500
16982500
17566000
17034500
16993500
17326500
17262000
17303500
17022000
16982500
17041000
17506000
16987500
17199500
17219500
17054000
17026500
16989500
17066000
17039000
17010000
16988500
17266500
17004500
17072500
16999500
16985500
17013000
16990000
17041000
16913000
16994500
17289500
17050500
17270500
17051500
17258000
17254500
17042000
17050500
17228000
17431500
17564000
17027500
17064500
17280000
16972500
17137000
17250500
17016000
17058500
17020000
16948500
17009000
16992000
17020000
16998000
17024500
17240500
17027000
17503500
17191000
17040500
17253000
17039500
17764000
16950000
17507000
17043000
16985500
17035500
17565500
16996000
17021000
17192000
17037500
17455000
17061500
16967500
17075000
17253000
17049500
17186500
17042000
17259500
17042000
17263500
17006000
17005000
16967500
16923500
17071000
16974000
17028000
17269500
17052000
17025000
17066000
16938500
17046000
17489500
17477000
17221500
17495500
17065500
17008000
17048000
17022500
17017000
17060500
16933500
17017500
17029000
17000000
17031500
17468500
17024000
17068000
17021000
16996500
17264500
17021500
17036500
17222500
17027500
17256500
17472500
17288000
17226500
17533500
16954500
17232000
17000000
16994000
17229000
17044000
17243500
17536500
16969500
17032000
17571000
17286000
17046500
16971500
16978500
17243500
17179000
16999500
17186000
17033500
17249500
17258000
17193000
17274000
17252000
16969000
17050500
16955500
16975000
16956500
17303500
16959000
17195000
16939000
17009500
17502500
17500500
17220500
17250500
16979500
17001000
16972000
17045500
17267500
16952500
17035000
16975000
17263000
17018500
17236000
16984500
17074000
17207000
17255000
17191000
17190500
17259500
17047000
17232500
17283500
16999000
17002500
16998000
17217500
16954500
17309000
17037000
17275000
17022500
17065500
16970500
17014000
17033500
16971500
17421500
17055000
17016500
17211500
17213000
16996000
17238500
17007500
16944500
17583000
17036500
16979500
17006000
17584000
17221000
17081000
17004500
17036000
17023500
17218500
17015000
17003000
17030000
16980500
17249000
17020500
17054000
17282000
17037500
17029000
17020500
16980000
17047000
16972000
17024000
17233000
17336000
16990500
16990500
17486500
17007500
16988000
17325000
17028000
17028500
17022500
17093500
17297000
16992500
17064500
17246500
16993500
17544500
17002000
17026500
17223500
17025500
17271000
17277000
17055500
17249000
17270500
17041000
17533500
17263500
17255000
17040500
17026000
16926500
16954500
17023500
17284500
16946500
17051500
17524500
17052000
17224000
17288000
17027500
17040000
17265500
17279000
17053500
17029000
17052000
17540500
17008000
17292500
16961500
17337500
17483000
16973500
16994500
17090000
17014500
17020000
17253000
17206500
17357000
17052500
17245500
17036000
17231000
16969500
16963500
16997500
17030500
16960500
17010000
17507500
17015000
16984500
17040000
17013000
17307000
17054500
17018000
16979000
17042500
16955000
17039000
16978500
17035000
17163000
17248000
17213000
17261000
17071000
17051000
17029000
16977500
17312500
17440500
17082500
17045500
17002000
17280500
17503000
17246000
17195500
16982000
17238000
17071000
17272500
17290500
17283500
17006500
17571500
16984000
16976000
17292500
17288500
17273000
17008500
17064000
17021500
16984000
17605500
17196000
16940500
17257500
16988500
16939000
17963500
16947000
17025000
17303500
17091500
17258500
17504000
17013500
16959500
17041500
16982000
16997000
17036000
16972000
17559500
17238500
16957000
16962500
16998500
17003000
17240500
17253000
16945500
17043500
17033500
17057000
17073500
17060500
17031500
17535500
17021500
16989000
17252500
17026500
17254000
17215000
17305500
17240000
17267500
16984500
17004500
17064000
17340000
17222000
17503500
16949000
17234500
17519500
17518500
17048500
16952000
17230500
17530500
16993500
17031000
17241000
16987000
17024500
17018500
17282000
16985500
17016000
16997000
17077500
17005000
17007500
17002000
17200000
17531000
17052500
17031500
16962500
17273000
17146500
17020500
17022000
16995000
17017000
17030500
17042500
17245000
16948000
17013000
17018500
17310000
17218500
17211500
17270000
17067500
17050000
17030500
17017500
16939500
17047000
16977000
17006500
17222000
17190500
17270500
16987500
17278000
16965500
16987000
17200000
17282500
17189000
17049000
17278500
16973500
17008500
16938500
16953500
17036000
17049000
17194000
17546500
17278000
17233500
17050000
16974500
17014500
17224500
17022000
17047500
17016000
17279000
17222000
16960500
17268500
17030500
17262500
17726000
17013000
17008000
16958500
17266500
16991000
17015500
17253500
17003500
17285000
17268000
17230000
17553500
17339000
17237500
17274500
17299000
16957500
17010000
17080000
17221500
17049500
16960500
16985500
16978500
17284000
17527500
17430000
17003500
17206000
17562000
17026500
17042000
17020000
17038500
17058500
17264000
17201000
17011500
17284500
17108000
17017500
17019000
17324000
17044000
16996500
17261000
17517500
17003000
17277500
17446500
17194500
16972500
17202500
17284000
17211500
17249000
17006500
17206000
17030500
16971500
17241000
17006000
17021000
16947500
17018500
17044500
17004000
17358500
17006500
17282000
17283500
17026500
17216000
17215000
17017500
17286500
17012500
16984500
17261500
16985000
17010000
17509000
17291000
17236500
17217500
16975500
17255500
17070500
17256500
17222500
17065000
17022000
16977000
17213000
17290000
16943000
17039500
16902500
17028000
16980500
17059500
17026500
17713500
16998500
17051500
17241500
16948500
17499500
16978000
17238500
17034000
17023000
17053500
17023000
17036000
17292000
16991500
17288000
17479500
17017500
16932500
17574000
17276500
17023500
17036000
17238500
17216000
17028500
16988500
17030500
17004500
17525500
16974000
17286000
16922500
17225000
17241500
17325500
17007000
17013500
17062500
17008000
17272000
16932000
17237000
17500500
17045500
17016000
17021500
17088500
17020500
17228000
16961000
17284500
17458500
17261000
17203000
17004500
17045500
17005000
16998500
17256500
17302000
17221000
16938000
17296000
17008000
17285500
17002000
17190000
17179500
17291000
17247000
17266000
17019500
17016500
16972500
17481000
17001000
17230500
16965000
17050000
17185000
17077500
17075000
16999500
17259500
17004500
17255500
17002500
17451500
16996500
17029000
17046500
17027500
16993500
16993500
17245500
17013500
17073500
17058500
17238000
17288500
17059500
16990000
16994000
17020500
17046500
17054500
16999000
17012000
16950000
16934500
17000500
16988000
17242000
17032000
16972000
17029500
17016000
17237000
16974000
17247000
17302000
16974500
17219500
16927500
17317000
17012500
16945500
17234000
17511000
16992500
17527500
17226000
17224000
17297500
16993500
17581000
17508500
17007000
16943500
17209000
16987000
17289000
16976000
17003000
17029500
17072500
17083000
17221500
17016000
17703000
17229000
16988000
16988500
17262000
17027500
17186000
17006500
17183500
17040000
17081000
17029500
17266500
17222500
17264000
17020000
16948500
17245000
17004000
17226500
17002500
17020000
17292500
16980000
17049000
16987000
17233500
17011000
17088500
16997000
17000000
17223000
16974500
17069000
17312000
17693000
16969000
17021500
17215500
17204500
17060500
17227500
17251000
17262000
17251500
16983500
17442500
17268000
17322500
17029000
16985500
17218000
17075000
17258000
17005000
17183500
16949000
17016000
17491500
16950500
17275500
17017000
16993500
17250500
17276500
16994500
17005000
16954000
17236000
17028000
16982500
17555500
17221500
17050500
17066500
17037000
17181500
17038000
17050000
17083000
17015000
17013500
17002500
16978500
17019500
17252500
17313500
17031500
16986500
16984000
16967500
17495500
17067500
17060000
16964500
17232000
17513000
17259000
17000500
17037000
17432500
16938500
17014500
17008000
16976500
17482500
17267000
16928500
17010500
16934500
17246500
17040000
17012500
17474500
17009000
17258000
17276000
17000500
17247500
16978000
17180500
17040000
17146500
17510500
17556000
17046000
16972000
17304500
16948500
17058500
17255000
17228500
17031500
16994500
17176500
16966000
16971500
17255500
17454500
17024500
16989500
17040500
17235000
16986500
17006000
17201000
17496500
16965500
16980500
16983500
16974000
17272000
17317000
17198000
17039500
17066500
16992500
17012500
17015000
17463000
17000500
17070500
17090500
17199000
16934500
17472000
17523500
17042500
16960500
17033500
17186500
17001500
17020000
16996500
17581500
17065000
17029500
17243500
17051500
17938500
17292500
16983000
17089000
17067000
16997500
16994000
17304000
17044000
17240500
16997500
17002000
17035500
17006500
17020500
17352500
17203000
17002500
17272000
17045500
17019000
17021500
16951500
17544500
17236000
17559000
17182500
17255000
16978000
17042500
17024000
17509500
16933000
17557000
17285000
17496500
17294000
17190000
17192500
16997000
17281500
17466500
17011000
17333500
17232000
17016500
17252500
17243000
16955500
17068500
16988000
17263000
17037000
16992500
17275000
17252000
17029000
17016500
17221000
17050000
17005000
17043000
17230000
17489000
17049500
17040000
17029000
17263000
16988500
17255500
16973000
17271000
17304000
17640500
17009000
17230500
17541500
17082000
17024500
17004000
17218500
17249500
16999000
17273500
17084000
17220500
17030500
17497500
17003000
17238500
17080000
17263500
16972000
17285500
17063000
17002500
17295500
17237000
17020500
17452000
17220000
17016500
16981000
17066500
17014500
17014500
17005000
16952000
17038500
17275500
17161500
17056000
17204000
17022500
16981000
17013000
17045500
16979000
16990000
17035500
17016000
17016500
17040500
17025500
17306500
17706500
16982000
17026500
17171000
17265000
16984000
17424000
17018000
17231500
17273000
17671000
16954500
17056500
16985500
17012000
17008500
17188000
17178500
16994000
16949500
17216500
17186500
17022500
16977500
17247500
17030500
17027500
17027500
17018000
17235000
17028000
17549500
17263000
17017500
17292500
17211500
17290500
17007500
17321500
17233500
17006000
17331000
17009000
16899000
17198000
17312500
16961000
16981000
17285000
17042000
17200500
17001000
17091500
17008000
16988500
17486500
16966500
17068500
16999000
17203000
17108000
17477500
17255500
16997500
17019000
16978500
16998000
17575000
17940000
17003500
16974500
17239500
17010500
16994500
17200000
17004500
16986500
17095000
17009000
16997000
17231500
16994500
17226000
17017500
17278500
17101500
16992500
17285500
17249000
17012500
16970500
16981000
17220500
17432500
16987500
16984000
17199000
17011500
16982500
17250500
16982000
17175000
17051500
17021500
16988000
17029000
16995000
16975500
17294500
17282000
16980500
17541500
17250000
17264500
16960000
17062000
17273500
17264500
17009500
17000500
17260500
17279000
17252000
17240500
17025500
17003500
17256500
17248000
17262500
16957000
17262000
17069500
17046500
17247000
16976500
17286500
16942000
17043500
16987500
17012000
17269000
17207500
17031000
17255000
17474500
17243500
17225500
16979500
17204000
16975000
17014500
17004000
17016000
16981000
16999000
17012500
17212500
17299000
17272000
17273500
17736000
16980500
17004500
17473500
17024500
17246500
17098500
17030500
17200500
17025500
17006000
17231500
17759000
17491000
17264500
17022000
17012500
17064500
17050000
17011500
17288500
16957000
17033000
17163000
16907500
17280500
17070000
17033000
17005000
17011500
17294000
17250000
17262000
17231500
17543000
17464000
17261000
17017500
16966000
17036500
17171500
16977500
17053500
16979000
16980000
17235500
17285000
16945000
17242000
17293000
17253000
16970500
17040000
17327500
16942000
17298500
17263500
16993500
17027500
17007500
16976500
17009500
17288500
17039500
17207000
17290000
16972000
16992000
16985000
17245000
17293000
17211000
17189500
17500500
17262500
17015500
17283500
17006500
17278000
17222500
17248500
17014500
16958000
17343000
17015500
17314000
17295000
16985000
17196000
17057000
17039500
17245500
17012000
16953000
16986000
17001500
17064500
17210000
17229000
17060000
17531000
17816000
17244500
17254000
17201000
17268000
17250500
17268000
17054000
16971500
17010000
17548500
16978000
17034000
16994500
17479000
17264500
17022000
17251500
16978500
17268500
17489500
16984000
17074500
17004500
17010500
16997500
17275500
17287000
17219500
17002000
17509000
16984500
16997000
17277000
17032500
17312000
16989000
16988000
17045000
17007000
17264500
17484500
17201500
17279500
17162000
17321500
17033000
17230000
16984000
17055500
17278000
17068000
17059000
17019000
17548500
17044500
16989000
17287500
16963500
17005500
17455500
17051500
16995500
16978500
17107500
16966000
17021000
17002500
17040000
16964500
16964000
17030000
17254500
17051000
17323000
17082500
17026500
17479000
17007500
17070000
17026000
17047000
17019500
16913500
17011500
17048000
17032000
17195000
17212000
17313000
17244500
17010000
16946500
17010000
17033500
17190000
17243000
17258500
17014500
16973500
17245500
17038000
17072500
17292500
17281500
17038500
17047500
16980500
17219500
17225500
17031000
17049000
17004500
17658500
17290000
17247000
17255500
17243000
16948500
17266500
17002500
17265000
17014000
16971500
16996500
17549000
16987500
17049000
17020500
17033500
17484000
17257000
16984500
17039000
17059000
17453500
17280500
17298000
16996000
16945000
16992500
17106000
17280000
17033000
17284500
17003000
17243000
17041000
17249000
17020500
17024000
16983500
17268500
17013000
17238000
17028000
16989500
16955000
17494500
16997500
17282000
16973500
17026000
17216000
17034500
17295000
17286500
17025000
16964000
17216000
16979000
17215500
16971000
16992000
17170000
17242000
17072000
17234000
17044000
16968500
17307000
17001500
17034500
16980500
17251500
16979000
17017500
17227500
16935500
17297500
16973500
17288000
16968000
17017000
17022000
17037500
17296500
17495000
17289000
16939000
17191500
17212000
16994000
17009000
17246000
17247000
17004500
17005000
17247500
17033000
17041500
17283500
17523000
17041000
17507500
17268500
17030500
17022500
17055500
16981000
17027000
17228500
17002500
17256500
16994500
17007000
17252500
17264000
17538500
16981000
16984500
17101500
17221000
17042000
17015000
17032500
16970000
17003000
17313000
17038000
17223500
17275500
17274500
17013000
17313500
17323000
17012500
17241000
17027000
17042000
17009500
17022000
17518000
17013500
17212500
17019500
17002500
17018000
17017500
16956000
17004500
16994000
16994000
16998000
17013500
17003500
16988000
17023000
16994000
16993500
16923500
16941000
17022500
17022000
17033500
17076500
17271500
17002500
17015500
17246500
16981000
17291000
17291000
17031000
16974500
17212500
17258000
17274500
17296500
17273500
17248500
17479000
17312000
17041000
17046500
17255500
17279500
17016500
17035000
17187500
16989500
17297000
17263000
17306000
17183000
16970000
16991000
17269500
16995500
17243500
17213500
17033000
16964000
16990500
17247000
17288000
17020500
16928500
17047000
17296500
17038500
17210500
16992000
16986500
17076500
17247000
17008000
16929000
17026000
17025500
17075000
16996500
17341500
16994000
17084500
17046500
16959500
17255000
17223500
16990000
17005500
17002500
16944000
17285500
17023000
17326000
17014500
16991000
17526000
16958000
17065500
17458500
17290500
16991000
17202000
17326000
17057000
17212500
17038000
16994000
17047500
16991000
17024000
17048500
17053500
17211000
16955500
16968500
17032000
17061000
17001500
17268000
16970000
17019500
17114000
17016000
17271000
17158500
16964000
17234000
17285000
16989500
16934500
17008500
17206000
17207500
17037500
16951000
17306500
16947500
16942500
16985000
17225000
17523500
17016500
16989000
17030000
17538500
16962500
17002000
16967000
17007500
17014000
16980500
16936500
16972000
17242000
17264500
17036500
17068500
17040500
17276500
17490000
16971500
16987500
16981000
16994500
17226000
17526000
17543000
17298000
17158000
17031000
17032000
17315500
16995500
17283500
17043500
17238500
17052500
16997500
17206500
17273000
16998500
16915500
17317500
17040500
17008500
17042000
17025500
17251000
17024500
17246500
16972000
17241000
17271500
16978500
16991000
17046000
17004000
17170500
17200500
17270000
16995500
17260000
17023000
17081500
17274500
17251000
17519500
17000500
17231500
17206500
17316000
17045000
17150000
16994500
17023500
17191000
17561000
17248500
17008500
17026500
17530000
17027500
17224000
17055000
17222000
17291000
17032000
17282500
17293500
17043500
17241000
17010000
17284500
17010500
17252500
17268000
17277000
17288000
17209000
17533500
16970500
16988500
17225000
17052500
17243500
17537000
17014000
17263000
17501000
17282000
17088000
16994500
17209000
16984000
16958500
17051500
17279000
17299500
17023000
17226500
17212500
16984500
17230500
17239500
16944500
17205500
17011500
17281500
17527500
16972500
17226000
17045000
16862500
16996500
17027500
17018500
16942500
16955000
17257500
17211000
17202500
16993500
17251000
17037500
17530000
17044000
17302000
17309000
17200000
17242500
17048000
16972500
16964000
17231500
16944500
17476500
16973000
17287000
16984500
16961500
17263500
17259500
17004000
16978000
17566500
17195500
16980000
17274000
17278000
17013000
17011500
17485500
17226000
16962500
16956000
17048000
17270000
17220500
16963500
17538000
17068500
17200000
17004000
16973000
17004500
17281500
17011000
17292000
17014500
17055500
17300000
17458000
17273500
17474000
17275500
16953500
17464000
17022500
17033500
17242500
17243000
17059000
17241000
17505500
17100000
17042500
17211000
17030500
17027000
17008000
17322000
16978500
17018500
17242000
17040500
17032000
17001000
16935500
17536000
17174000
17321500
16988000
17223000
17041500
17054000
17514000
17277000
17276500
16997000
16983500
16985000
17276500
17042000
17022500
17072500
16994500
17277500
16959000
17045000
17052500
17290000
16994500
17298500
17241000
17249500
16990000
17268500
17296500
17047500
17005000
17039500
17041000
17237000
17046000
16983000
16940000
17569000
17082500
17215000
17260500
17291000
16941000
17573000
17041500
17055500
16995500
17208000
17503000
17005500
17019000
17273500
17072500
17282500
16983000
17039500
17006500
17015500
17206500
16999500
17017000
17044500
17240000
17291000
17275500
16990000
17242000
17236500
17233000
16985000
17229000
17243000
16955500
16989000
17204500
17004000
17013500
16985000
17029500
17485500
17249000
17227000
17281500
17290000
16938500
17039500
17198500
17220000
17248500
17208000
17483500
17210500
16999500
17072000
17039500
17475500
17026000
17020000
17244500
17734000
16971000
17042500
17203000
16986000
16999500
17000000
16939500
17259000
17175000
16970500
16988500
17045000
17255500
17028500
17022500
17258000
17059500
17253000
16987000
17200500
17046500
17266500
17052000
17053500
17251500
17073500
17256000
17034500
17033500
17041000
17006000
16996000
17004500
17252000
16981500
16963000
17213500
17031000
17222500
17544000
16973000
17064500
17310000
17002500
17250000
16982000
16977000
16987500
17005000
17045500
17042000
17045000
17274500
17294500
17248500
17238000
16956500
17019000
17211000
17509000
17284500
17016500
17255500
17235000
17307000
17511500
17012500
17027500
16957500
17011500
17294500
16973500
16954500
17557000
17479000
17030000
16991500
17296000
17466000
16985500
16975000
17234000
17009500
17215500
17700500
17192000
16999500
17013000
17550500
17046500
17240000
17068000
16993000
17240500
16996500
17249000
17223000
17023000
17292000
17034000
17300500
17188500
17006500
16999500
17532000
17039000
17037500
17251000
17271000
17286000
17342000
17460000
16976500
17025500
17012000
16992500
17263500
17019500
17549500
17417000
17026500
17256500
17255500
16988500
17571000
17516500
16964000
17493000
16911500
17265500
17005500
16936000
17498000
17486500
16988000
16980500
17299500
17012500
17236000
17008000
17041000
17055000
17306500
17444000
17066500
17043000
17047500
17273500
16992500
17535000
17278500
17065500
17018500
17556000
17241000
17223500
17333500
17254500
16954500
16974000
17039000
17253500
16992000
16933500
17002000
16925000
17217000
16949000
16962000
17300500
17019500
17270500
17305000
17256500
17257000
17238000
17042500
16997500
17322500
17058000
17281500
16959000
16980000
17256000
17009000
17252500
16995500
17045000
17292500
17531500
17267500
17240000
16999000
16964000
17020000
16906000
17254000
16990000
16964000
17016000
17009000
17255500
16991500
17236000
16984000
17033000
17490500
17524500
16988500
17015500
17241000
17291000
17296000
17055000
17164500
17296500
17048500
16990500
17317500
17231500
17301500
17302500
17272000
17239500
17511500
16990000
17256500
17019000
17004500
17594000
17002000
17263500
17013000
16988500
17035000
17497500
17489000
17231500
17505000
17584500
17212500
16991000
17257500
17245000
17209500
17226500
17233500
16958000
17234500
16995000
17287000
17232000
17057500
17264500
17018500
17298500
16916000
17076500
17272500
17036500
16990500
17271500
16980500
17266500
16997500
17231500
17423500
17056000
17038000
17213000
17251500
17025500
17299500
16944000
17004500
17008500
16993500
16946500
17215500
16931000
17237000
17317500
16995500
17222000
17086000
17052500
17001000
17041000
17027000
16956000
17003500
17251500
17270500
17020000
16936000
17328000
17280500
17030000
17447000
16986000
17426000
17252500
17000000
17049000
17484000
16992000
17270000
17072000
17180500
17024500
17253000
16965000
17253000
17254000
16979500
17089500
16954500
17004000
17023500
17011000
17038000
17295000
16893000
17237000
17009000
17042000
17017000
16958000
17049000
17028500
17045000
17262500
17231500
17006000
17015000
17235500
17344500
16974000
17274000
17540000
17324500
17527500
17054500
17002000
17040500
17016500
17008000
16988000
17233500
17002000
16971500
17037500
17146000
16979000
17018500
17009000
17248500
17038500
16963500
17044500
16996500
17218500
17034000
17055000
17047000
16973500
17026500
16969000
17238000
17033000
17312500
17027000
16995000
17437000
17001000
17316500
17199500
17071000
17021000
17487500
17235000
17235500
17284500
17020500
17282500
17278500
17007000
17305500
17020000
16936500
17025500
17493500
17237500
17231000
16974500
16958500
17015500
17230000
17265500
17456000
16963500
17023500
17000000
17027000
17530000
17239000
17487000
17216500
17285000
16988500
17032000
17018000
17247000
17260500
17036000
16988500
17106500
17240000
17035000
17005500
17006500
17509500
16933000
17254500
17247500
17013500
17235500
17029500
16947000
16979000
17028500
16994500
17262000
17216000
17548500
17244000
17012000
16979000
17235000
17228000
17025500
16975000
17272500
17000000
17233500
17190000
17042500
17270500
17259500
17198000
16967500
16941000
17012000
17308000
16980000
17027000
17542500
17012500
17075000
16963500
17265000
17039500
17015500
17048500
17224000
17028500
16998000
17059500
16961000
16987000
16913000
17013500
16951500
17252500
17253000
17010000
17221500
17284500
17001000
16990000
17053500
16944500
16988500
17022000
17464500
16963000
16994500
17218000
17180000
16966500
17059500
17252500
17005000
17032000
17039000
17226500
17230500
16974000
17195500
16961500
16950000
17061500
17063000
16989000
17208500
17024000
16986000
16964000
16995000
16972000
17635500
17235500
17043500
16993000
17011000
17238500
16999000
17229000
17046500
17018500
16974000
16947500
17020000
17241500
17238500
17422000
17036500
17221500
17106500
17337500
17074000
16992500
17071500
17273500
17545500
16954000
17298500
17015500
17254000
17314500
17670500
17523500
17511500
17077500
17023500
17055000
16967000
17043500
17074000
17278000
17243000
17005000
17001000
17301500
17070500
17275500
17055000
17205000
17201000
17587000
17072500
17036500
17014000
17011000
17241000
17178500
17220000
17106500
16928500
16987500
17010500
17317500
17016500
16986000
17008500
17009500
17346500
16987000
17250000
16985500
17252000
17166500
17219500
17045500
17006500
17016000
17031000
17048000
16961500
17685500
17214500
17248500
17002000
17268500
17049500
16990500
17516000
17184500
17327500
17249500
17467000
17025000
17245500
17501000
17018000
17264000
17062000
17020000
17473500
17274000
16934000
17267000
17261000
17200500
17302500
17012500
17013000
16935500
16975000
17489000
17021500
17230500
16999500
17168000
17294000
17022000
16955500
17035000
17096000
16995000
17008000
17245500
17000000
17026500
17012500
17317500
17242000
17007500
17286500
17276000
17054500
17219000
16998000
17006500
17020000
17310000
17036000
17002000
16978000
16963500
17277500
17203500
17326000
17045500
16982500
17033500
16979000
16971500
17217000
16990500
16997500
17256500
17237000
17004000
17105500
17028000
17734000
16960000
16983500
17031000
17266500
17254500
17502000
17095500
17245500
17242500
17220000
17220500
17008000
17028000
17061500
17005000
16989500
17056000
17529000
17033500
17001500
16996500
17031000
17072500
17254500
17012500
16959000
17569500
17040000
17025000
17198000
17234500
17284500
16957500
16975000
17202500
17034500
16933000
17241500
17122000
16993000
17232500
17060500
17052500
17025000
17067000
17462500
17199500
17050000
16988000
17223000
16970000
17006000
16997000
17029000
17066000
17279000
17055000
17209500
17018500
17302500
16922000
16993000
17032000
16969000
17271500
17262500
17033000
17015000
17245500
17018000
16990500
17230500
17273500
17217000
17542500
16963500
17045000
17209000
16964000
17014500
17175500
17031000
17558500
17026500
17151000
17228000
17075500
16957000
17008000
17010000
17029000
17039500
17264000
16968000
16955000
17270500
16952000
17474000
17270500
17067000
17225500
17471500
17563500
17033000
17318000
17462000
17528500
16924000
17260000
17322000
17162500
17250500
17509000
17227500
17508000
17041500
17522000
17043500
17224000
17036500
17018500
17576500
17027000
17039500
17213000
17307500
17208500
16976500
16986000
16981500
16969000
16984000
17058500
17057500
17007500
17499500
17051500
17309500
17156500
17011000
17249000
17010000
17259000
17068000
17016000
17195500
17279500
17036500
17195000
17192500
17277000
16994500
17261500
16995000
16979000
17246000
17008500
17292500
16978000
17092000
17235000
16991000
17001000
17492000
16966500
17492500
16984000
17016500
17193000
16980500
17030000
17111500
17017000
17207500
17042000
16988000
17005500
17082000
16993000
16996000
16970000
17229500
17201000
16974000
17278000
16996500
17038000
17288500
17031500
17043000
17027000
16976500
17306500
17326000
17023000
16979500
17308500
16923000
17072000
17010500
17512000
17530000
17043000
17239500
16968500
17259000
17031500
17016500
17021000
17054000
17027000
17035000
16969000
17249500
17221500
16979000
17184000
17047000
17060500
17059000
17026500
16986500
17308500
16960500
17238500
17034500
17515000
17244000
17007500
17233000
17040500
17002000
16932500
16945500
16963500
17269000
17007500
17034500
17249500
17026500
17029500
17030500
17013000
17053000
17056000
16973500
17063500
17016500
16997000
17002000
16992000
16968000
17010500
17266000
16995500
17155000
17018500
17025500
16962500
17512500
17040000
17026500
17065000
17278500
17270000
16979000
17497000
17270000
16941000
17267000
17228000
17303500
17038000
17291000
16994000
16893000
17000500
16993500
17026000
17045000
17031500
17213500
17242000
16951500
17280500
17018500
16982000
17215000
17010500
17277000
17234000
17248500
17268500
16980500
17024500
16972500
16966000
17182500
17251500
17225000
17045000
17268500
17053500
17263500
17033000
17299000
16916000
16964500
17294500
17249000
17014500
17051000
17274500
16932500
17445000
16928000
17256500
16997500
16952000
17012000
17227000
17263500
17515500
16970500
16959500
17031000
17011000
17050500
17484500
17282000
17209000
17529500
16999000
17034500
17234000
17225500
17245500
16974500
17058000
17510500
17030000
17293500
17020500
17037000
17038500
17003000
16959000
17024500
17040000
16936000
17033500
17247000
17188000
17046000
17566000
17003500
16970000
17323500
17238500
17262500
17008500
17011500
17046500
16962500
17212000
17040000
17206000
16939500
17031000
16961500
17024500
17017500
17268500
17734000
17015500
17465500
16985000
17006500
17229500
17032500
17281000
17301500
17204500
17268000
17271000
17017000
17040500
17009000
17250000
17099000
17072500
17188000
17008500
17250000
17019000
17002000
16984000
17257000
16985500
17234500
17039500
16952500
17016500
17534000
17222500
17261000
17290500
17031000
16972500
17227000
16967500
16983000
17316500
17300000
17250000
17242500
16972500
17244000
17242000
16988500
17038000
17242000
16983500
17027000
17551000
17077000
16994000
17006500
16940000
17008500
17290000
17242000
17006000
16968500
17015500
17046500
17013000
17206500
17054500
17612000
17268500
17556000
16969500
17001500
16988500
16934000
17072500
16989500
17015500
16962500
17005000
17000500
17238000
16973500
17040500
16981000
17012000
17002000
16964000
17287500
16972000
17254500
17214000
17008000
17472500
16991000
17023500
17496000
16971000
17184000
17705000
17257000
17233500
16915500
17222000
16941000
16970500
17061500
17012000
17027000
16959000
17037000
16982000
17199000
17287500
17012500
17114000
17266500
17018500
17012500
17008500
17294500
17034000
16979000
17025000
17000000
17261000
17255000
17270500
16991000
16979000
16998000
17468500
17077500
17244000
17014000
16980500
17268000
16968500
17446000
17003500
17286500
17255500
16983000
17254000
17248000
17015500
17245000
16965000
16982500
16935000
17296500
17507000
17501500
17006500
16960000
17043500
16995500
17229000
17451000
17225000
17001000
17040500
16983000
17027500
17093000
17532000
17215000
16952500
17035000
17057000
17017500
17272000
17288500
16984000
16966500
17001000
16996500
16997500
17035500
17291000
16995500
17012500
16980500
16987500
17448000
17219500
17016000
17008500
17031000
17231500
17294500
17251000
17035500
17521000
16980000
17290500
17217500
17048000
17024000
17001500
17267000
17163000
17262500
17036500
16970500
17031000
17234500
16952500
17252500
17008500
16988500
17042500
17057500
17734500
17329000
17026000
17489500
17246500
17033500
17013000
17269500
17175500
17530000
16974500
17323000
17066500
17022000
17287000
17242500
17203000
17234000
16990500
17183000
17286500
17530500
17079000
17060500
17218000
17707000
17397500
16963000
17919000
17038000
16955500
16968500
17082500
17505000
17288500
17259000
17048500
16970000
17331500
17164000
17010500
17275000
17272000
16996500
17282000
17231000
17004000
17269500
17221000
17246500
17007500
17003500
17066000
17094000
17282500
17023000
17014000
17241000
17233500
17216000
17233500
17211500
17052500
16961500
17227000
17036000
17306000
17500000
16970000
17013000
16971500
16989500
17244000
17226000
17255500
17004500
17035500
17216500
17242500
16977500
17019500
17295000
16990500
17317000
17048000
17021000
17234500
16967000
17212500
17007500
16918500
17034000
17574000
16976500
17308000
16963500
16931500
17427000
16985000
17026500
17358500
16991000
17020000
17223000
16965500
17001000
16959000
17219000
17278500
17176500
16983000
17145500
17253500
17264000
17287500
17272500
16996000
17040500
17304000
17286500
17030500
16953000
16994000
17005000
17028500
17284500
17043500
16961000
17037000
17262000
17312000
16978500
17196500
16988500
17027500
17239500
17051000
17057500
17051500
17061000
17040000
17023000
16985000
17073000
17302000
17005500
16996000
16950500
17206500
17008000
17647000
17276000
17253500
17021500
17029500
17035500
17110000
17030500
16976000
17021000
17047500
17019500
17020500
17000000
16967000
16985500
17243500
17324500
17027500
17027000
16950000
17048500
17004000
17282000
16974500
17251500
17059000
17034500
17054500
17004500
17012500
17248000
17068500
17023500
16984000
17227500
17034500
17045500
17087500
17019000
17228500
17038500
17233000
17251000
17039000
17070500
16975500
17292500
17013000
17014000
17231000
17005500
17001500
17248000
17497500
16965500
17079500
17058500
17318500
17054500
17244000
17024000
16963500
17024000
17014000
17285000
17023000
17058000
17047500
16959000
17057000
17295000
17054000
17033000
17043000
17039500
16995000
17552500
17014000
17063500
17005000
17003000
17351500
17276000
16978000
17223500
17235000
17096500
17540500
17013000
17289000
17005000
16961500
17125500
16977000
16958500
17017000
17695000
17210000
17038000
16998000
17048500
17217500
16990000
17043000
17236500
17035000
17029000
16998000
16952500
17220500
17006000
17234500
17033000
17306000
17033000
17024000
17044000
16938500
17072000
17016500
17000000
17013500
17243500
17021500
16992500
17013500
16979000
17259500
17455000
17016500
17026500
17287000
16981500
16995000
17223000
17225500
16974500
17001000
17255000
17502500
17028500
16985000
17053500
17264500
17562500
17481000
17005000
16993000
17279000
17190000
17027000
16969000
17302500
17019000
16990000
17262500
16995500
17030500
17003000
17533000
17517500
17299000
17242000
17220500
16999000
17023000
16919000
17542500
16980500
17274000
17024500
17565500
17244000
17000000
16949500
17323000
16931000
17013000
17299500
17223500
17193500
16972500
17023000
17055500
17031500
17266000
16987000
17194000
16994500
17174500
17211000
17015500
16996000
17282500
17065000
17018500
17018500
17082000
17008000
17473000
16977500
17017500
16938000
16995000
17028500
16971500
17025500
16961500
17010500
17074000
17319000
17021000
16992500
17220500
17007500
16980500
17253000
17007000
17010000
17217500
17294500
17211000
16994000
17047500
17254000
17086500
16969500
16999500
17044000
17176000
17291000
17222000
17056000
17268000
17274500
17055500
16962500
17049000
17504000
17025500
16995500
17081500
17223000
16992500
16961000
17326000
17246500
16970500
17058000
17023500
17060000
17251500
17023000
17143500
17203000
17235000
17307000
17269500
17242000
17287500
17070500
17025500
17264500
17222000
17284000
17025000
16990500
17058000
16963000
17041500
17070000
17235000
17235500
16971500
17009500
17020500
17032500
17285000
17015500
16996500
17279500
17237000
17273500
17239500
16961500
17200000
17072500
17066500
17000500
17003000
17011000
17084500
17233500
17268000
17037000
17276000
17464000
17098000
17077000
17028000
17221500
17265500
17051500
17204000
16975000
16989500
17092500
17245000
17009000
17236500
17168000
17236500
17495000
16969500
17500000
17295500
16985000
16981500
16983000
17061000
17050000
17031500
17028500
16971500
17005000
17219000
17230500
17224000
17051500
17002500
17194000
17234000
17060500
17031000
16973500
17221500
17649000
17232000
16982000
17058000
17262500
17017000
17000000
16966000
16938500
16954500
17010500
17000500
16973500
16975500
16963000
17055500
16983500
17027000
17481000
17187500
16986000
16988500
17013500
17238500
16989500
17260000
17012500
17432500
17096000
17254500
17057000
17274500
17287000
17484500
17336000
17109000
17285000
17013500
17242500
16950500
17295000
16969000
17309000
17216000
17226500
16957500
17005500
17480000
17248000
17174000
17055000
17279000
17046000
17308500
17118500
17018000
17254000
17028000
17215000
17044000
17042500
17512000
17246500
16968000
17316500
17007500
17064000
17055500
16928500
17029500
17072500
16986000
17519500
17479000
17185500
17244500
16983000
16958000
17528000
17037000
17211500
17001000
17061500
17049000
17280000
17053500
17249500
17008500
17017500
16959000
17188500
17710000
17026500
16974000
17072500
17024500
16949000
16982000
17325500
17154000
17269000
17272000
17234000
17026000
17023000
17293000
17058000
16979500
17059000
16994500
16985500
17051500
17196500
17268000
17292000
17310500
17285000
17444000
17074500
16960000
16977500
17054000
16980000
17306000
17751500
17240000
16975500
17254500
17046000
17272500
17534000
17045500
17299500
17286500
17038500
17448500
17245500
16987000
17265000
16896000
17235500
17479000
17078500
16976000
17246500
17250000
16990500
17241000
16968500
17135500
17047000
17035500
17013500
17403500
17000000
17044500
17058500
16923500
17239000
17030000
17251000
17242500
17184500
17243000
17029000
17005500
17047000
16949000
17046500
17774500
17712000
16991500
17070000
17206000
17353000
17054500
17474000
17029500
17261500
17488500
17037500
16989500
17018000
16992000
17191000
17210500
17549500
17016000
16895000
17235500
17276500
16959500
17741500
17241500
17119500
16965000
16991500
17097000
17003000
17023000
16960500
17206000
17217000
17028500
17241500
17198500
17259500
16986000
17044500
17059500
17017500
17005500
16950500
17001000
17025000
17034500
16953000
17079000
17239000
17326500
17026500
16983000
17557500
17256000
17292000
17013000
16965500
16994500
16957000
17465000
16995500
16959000
17037000
17047000
16969500
16999500
17070000
17047000
17023000
17084500
17014500
16967000
17265000
17197500
17012500
16991500
17220500
17014500
16937500
17457000
17071500
16991000
17230500
17074500
16967000
17001000
17004000
17244000
17233000
17021500
16950500
17043500
16962000
17034000
17135000
16987000
17014500
17010000
16988500
16932000
17313500
17239500
16969500
17003000
17034500
16982500
17214500
16960500
17001000
16965500
17176500
17010000
17201500
17049500
17013500
17051500
17034500
17007500
17069500
16943000
17062000
16992500
17060500
17035500
17031500
17018000
17007000
17511000
16935000
16977000
16979500
16977500
17512500
17006500
17028500
17286500
17240000
17297500
17006500
17000500
16976500
16979000
17436500
16970000
16972500
17004000
16981500
17257500
17058000
17033000
16985500
17283500
16951000
16963000
17085000
17054500
17273000
16983000
17240000
17185500
17045000
17320000
17223500
16998500
17057000
16998500
16976000
17543500
17433500
17286500
17022000
17648500
17013500
17210500
17027000
17018500
17047000
16988000
16983500
16997500
16996000
17262000
17013500
16987500
17017000
16977500
17266000
17002000
17001000
17019000
17012500
17177000
17002000
16975500
17246000
17166000
17485000
17274000
17054000
17295000
17001000
16997500
17223000
16982000
16956500
17006500
16902000
16975500
17257000
16957000
17072500
16942000
16999000
17068000
17292500
17200000
17024500
16944500
17093500
17075000
17032500
17006500
17317500
16978500
16984500
17072500
17079500
17557000
16989500
17491500
17083000
17256500
17460500
16992500
17470500
17228000
17499000
17261000
17244500
17286000
16990500
17310000
17448000
17011000
17089500
17288000
16945000
16982000
17329500
17309000
16997000
17320000
17291000
17242000
17127500
16998500
17072500
17236000
17060500
16981000
17276500
17038000
17071000
17055500
17309000
17034500
17296000
17238500
17024000
16990500
17022000
16992000
17205500
17612000
16964000
17464000
16909500
17055000
17055000
17329000
16993000
16999000
17035000
17036000
17210500
17029500
17240000
17031000
17022000
16976000
17252500
16992000
16916500
17483500
17018000
16970000
16955500
17277000
17298500
17268000
17183500
17033500
17039500
17229000
17100500
17017000
17037500
17208000
16990000
17022000
16977000
17213500
17073000
17001500
17292000
17284500
17048500
17019500
16945500
17221000
17249000
17308000
17288500
17261000
17018000
17003500
16978500
17019000
17261000
17258500
17016000
17279000
17467500
17585000
17204000
16978500
16976500
16989500
17136500
17031000
16999500
17000500
17581500
17038500
17530500
17261500
17009500
17010500
17050000
17223500
16956500
17552500
16997000
17189000
17300500
17249000
17242000
17040500
17191500
17181000
17293000
17069000
17007500
17002500
17260500
17512000
17019500
16997000
17019500
17239000
17097500
17049000
17283000
17698000
17058000
17314000
17112500
17077500
16972500
16975000
17003500
17239500
17009500
16994000
16998000
16979000
17013000
17080500
17021000
17206500
17314500
17533500
16957000
17000500
16998500
16971000
17281000
17112000
17004500
17244000
17282500
17011500
17046500
17755500
16954500
17015500
17033000
17275000
16943000
17219000
17072500
17064500
17463500
16926500
17031000
17175000
17257000
17212500
17276000
16983000
16999000
17307500
17538500
17283000
17232000
17252500
17038500
17007500
17237000
17060000
17484500
17021000
17295500
17277000
16954500
17031500
16966500
17068000
17025000
16964000
16980000
17033000
16980500
17056500
17026500
16993000
17285500
16990500
17279500
17233500
16969500
17033000
17002000
17059000
17062000
17259000
17016500
17284500
17219500
17199000
17275500
17237500
16996000
17201000
16991500
17269000
17014500
17048500
17264000
16983000
16931000
17023000
16957000
17006500
16998000
16998000
17068500
17027500
17060000
17177500
17259000
16970500
17200500
