28203000
29673000
28170500
28167000
28065000
29652000
28184500
28241000
29611500
28157500
28900500
28252500
28317500
28866500
28173000
28188000
29003000
28862000
28768000
29781000
28181000
28163500
28896000
29508000
28245000
28867000
28256000
28173000
28740500
28254000
28099500
28228500
28230000
28948000
28736000
28333500
28205500
29572000
28277000
28895000
28894000
28316500
29555000
28198500
28345000
28270500
28295500
28259500
28280000
28342500
28230500
28218000
28014000
28988500
28307500
28224500
28831500
28175500
28177000
28229500
28949000
28187500
28182000
28294000
29026000
29721000
28142500
28127500
28927000
28880500
28324500
28242000
28961000
28161500
28959000
28342500
28214500
28822000
29679500
28197500
28167000
28839500
28225500
29660500
28952000
28194500
28879500
29551500
28288500
28130000
28091500
28218000
28324000
28179000
28997000
28258000
28185500
28220000
28985500
29602000
28098000
28177500
28249000
28204000
28100500
28258000
28136500
28210500
29640000
29652000
28213000
28909500
28934500
28913000
28977000
28115000
28977500
29618000
28094000
29625000
28206500
28936500
28257000
28891500
28832000
29053000
29058000
28898500
28906500
28084000
28182000
28180500
28848000
28291000
29036000
28257000
28213000
28167500
28967500
28181000
29636000
28166000
28161500
28280000
28790500
28267000
28204500
29708500
28184500
28176500
28879500
28943000
28116500
28197500
28901500
28246500
28938500
28891500
28960000
28162500
28814500
28178000
29667000
28923500
28970500
28219000
28819000
29003500
28246000
28260000
28878500
28242000
28839000
28289500
28284500
28131500
29588500
28228500
28163500
28117500
28202500
28967000
28903000
28815000
28897500
28918000
29657000
28218500
29669000
28257000
28051500
28973000
28149500
28973000
28231000
28971500
29607000
28893000
28141500
28228000
28906000
28924500
28827500
28918500
28919500
28946000
28266500
28224500
28839500
29580500
29014500
28846000
28074500
28231500
28210500
28179500
28067500
28252000
28167500
29548000
28895500
28952000
28222000
28214500
28216000
28968000
28785000
28275000
28280500
28145000
28193000
28205000
28149500
28160500
28270500
28826000
28861500
30139000
29523000
28756500
28283500
28296000
28924000
28946000
28202000
28859500
28783000
28152500
27990500
28225500
29497000
28245000
28265000
28872000
28218500
28915500
28207500
28246500
28876500
28935000
28255500
28181000
28261000
28152000
28822000
28833500
28251000
28199000
28169000
28170500
29613000
28894000
28182000
29587000
28253500
28220500
28120000
28094500
29674500
28720000
28291500
28949000
28926500
28194000
28234000
28260500
28182000
28830000
28847000
28968000
28910000
28694000
28285500
28236500
29687000
28286000
28942000
28181500
28254500
29534500
28711500
29486000
28145000
28850500
29014000
28919500
28220000
28203500
28274000
28794000
28955000
28259500
28250500
28210000
28820500
28872000
29645000
28926500
28941500
28241000
28907000
28898500
28840500
28262000
28210000
28253500
28267000
28256000
28815000
28763000
28159500
29023500
28194500
28203000
28308000
28212500
28204000
28217000
28746000
28733500
28921500
28148000
28871500
28197000
28963500
28180000
28182000
28207500
29606000
28130500
28844500
28231500
28335000
28199000
28183500
28180500
28074000
28291000
28886500
28144500
28285000
28212500
28086500
28302000
28873000
29621000
28233500
28265000
28320000
28825000
29669000
28990500
28295500
28958000
28884500
28104500
28319000
29540500
28220500
28714500
28264500
28262500
28799000
28703000
28147000
29512500
28840500
28845000
28890500
28203500
28218500
28222000
28301000
28850000
28856000
28863000
28201000
28282000
28157000
28202500
28931000
28233000
30320000
28129000
29607000
28119000
28306000
28132500
28189500
28816000
28902500
28226500
28933500
28269000
28168000
28204000
28919500
28242500
28331500
28300500
28124000
28226000
28944000
29559000
28202500
28872000
29621000
28238500
28257000
30213000
29676500
28903000
29643500
28146000
27998000
28840000
28310000
28218000
28190000
28980500
28144000
28257000
29446500
28781500
28166500
28275500
28268000
28359000
28135500
29635000
29613000
28828000
28925000
28135500
28117000
28302000
28217000
29668500
28918000
28313000
28848000
28355000
29486500
28712000
28123000
28214000
28879500
28231000
29551000
28934500
29574500
28970500
28183500
28655500
28248500
28207000
28153500
28246000
29030500
28294000
28149500
28797000
28269500
28905500
28840000
28311500
28960500
29002000
28273000
28151500
27970000
28851000
28220000
28892000
28195500
29588000
28030000
28978500
28223500
28813500
28904000
28200000
28270500
28228500
28800000
29005500
28905500
28096000
28252000
28347000
28253500
28943000
28227500
28228500
28183000
28128500
28194500
28168000
28780000
28188000
28891000
28282500
28104500
28916000
28825000
28202500
28173000
28844000
29594000
29019500
28800500
28173000
28077000
28229000
28255500
29586500
28200000
28261000
28873500
28921500
28929500
28830500
28998500
28213000
28921500
28894000
28849000
28183000
28278500
28150500
28216500
29007500
28904500
28271000
28943000
29009000
29614000
28974000
28159500
28122000
28920500
28109000
28009000
28268000
28835000
28189000
28129500
28929000
28290000
28203500
28188000
28274000
28846500
28165500
28147000
28319000
28235500
28267000
28129500
28171500
28905500
28298500
28220500
28301500
28272000
28828500
29615500
28211000
28120500
28916500
28802500
28949000
28991000
28297500
28213500
28221500
28244000
28220000
28882000
28119500
28218000
28686500
29561000
28188500
28822000
28209000
28931500
28163000
28246000
28275000
28060000
28080000
28868000
28188000
28144500
28297500
28263000
28266500
28185500
28931500
29639000
28858500
28900500
28169500
28313000
28259000
28204000
28771000
28246000
29016500
28929000
28077000
28205000
28230000
28189500
28218500
29501000
28307500
28219000
28204500
28236000
28196500
28177000
28309500
28183000
28926500
29406000
28181500
28962000
28256500
28266000
28170000
28160500
28962000
28234500
28103500
28909000
28228000
28225500
28154000
28742500
29592000
28222000
28976000
28195500
28790500
28302000
28260500
29004000
28276000
28974500
28901500
28231000
28338500
28202500
28274000
28170500
28939000
28177500
28246000
28156000
28209500
28889000
28133500
28020000
29537000
28244000
28799500
28261500
28289500
28883000
28853000
28894000
28150000
28286500
28276000
28230000
28266000
29711500
28320000
28985000
28210500
28093000
28274000
28234500
28272000
28843000
28200000
28187500
28259500
28830000
28048000
28220000
28900500
28209500
28883500
28224000
28237500
28191500
28201000
28198500
28881500
28138000
28965500
28972000
28027500
28932000
28232000
28100000
28212000
29656500
29527000
29760500
28253500
28892500
28881500
28221000
28180500
29623000
28902500
28680500
28181000
28932000
28263500
28306500
28111500
28188000
28085000
29020500
29735500
28144000
28264500
28863000
28875000
28227500
28984000
28131500
28920500
28272000
28173000
28932500
28920000
28921000
28866500
28179500
29709500
28900000
28164500
28190000
28819000
28219000
29646500
28244500
28826000
28944000
28228000
28252500
28237500
28889000
28922000
28301000
28781500
28851500
28304500
28901500
28211000
28852500
28204500
28181000
28239500
28258500
28876000
28109500
28802500
28830500
28232500
28742000
28798500
29000000
28243500
28850500
28194000
28954500
28902000
28248000
28957000
28293000
28782000
28173000
28275000
28804000
28759500
28206500
28122000
28204000
28928000
28189000
28243500
28896500
28045000
28244500
28269500
28207000
28262000
28248500
28860000
28285500
28915000
28935000
28256500
28880000
28188000
28965500
28163500
28298000
28270500
28143000
28920000
28280500
28153000
28260500
28949500
28616500
28898500
28176000
28152000
28998500
28252000
28236500
28822000
28220000
28179500
28134500
28821000
28211000
28293000
28867500
29686000
28192000
28923500
28973000
28104500
28251500
28148500
28964500
28993000
29674500
28178500
28800500
28245500
28103000
28264500
28218500
28162000
28941500
28301000
29006500
28260500
28821500
28826000
28882500
28346000
28210000
28272000
29045500
28219000
28046500
28836000
29551000
28117000
28918500
28899000
28178500
28233500
30192500
27965000
28884000
28270000
28240500
28166500
28058000
29699000
28927500
28135000
28262500
28907500
28202500
28253500
28247500
30200500
28204500
28162500
28979500
28162500
28235000
28941000
28943500
28223000
28867000
28324500
28652000
28293500
28214500
28139500
28290000
28345500
29536500
28124000
31013000
28244000
28229500
28990000
28162000
28282000
29059000
28160000
28188000
28174000
28979000
28872000
28137000
28768000
28278000
29646000
28209000
28252500
28950000
28251500
29627000
28187000
29664500
28113000
28174000
28265500
28120000
28163500
28175000
28878000
28184000
28955500
28218500
28968500
28958000
28290000
29003500
28121500
28101500
28893000
28189500
28891500
28256500
28079500
28145500
28288500
28711000
28930500
28844500
28224000
28151000
28198000
28250500
28153000
29694000
28167000
28273000
28167500
28877500
28166500
28178000
28215000
28095500
29015000
28951000
28829000
28774500
28279000
28887500
28761000
28888000
28861500
28188500
28940500
28113500
28263000
28855500
28268000
28202000
28216500
28906500
28335000
28219000
29565500
28914000
28958000
28888000
28781000
28263000
28926500
28297500
28190000
28266500
28906000
28281500
28231500
28912000
29588000
28297500
28920500
29545000
28163500
28939000
28189000
28156000
28941000
29612500
28156500
28144000
28134000
28233000
28216500
28250000
28264000
28236000
28385500
29694000
28185500
28194500
28879500
28947500
29693500
28174500
29638000
29632500
28873000
28293000
28123000
28904000
28176000
28873000
28886500
28223500
28823000
28231000
28254500
28918000
28231000
28224000
28182500
28207000
28230500
28878000
28954500
28935500
28855500
28242000
28900500
28252000
28108000
28217000
28017000
28981500
29617000
28198500
28229500
28933000
27981500
28272500
28296500
29604500
28960000
28223000
28290000
28905000
28903000
28203000
28164000
28259000
28164000
28208000
28216000
28040000
28227000
28112500
28927500
28176000
28162500
28124000
29659000
28332500
28911500
29529500
28137000
28161000
29640000
28250000
28211500
28900500
28937000
28152500
28195000
28259000
28937000
28078500
28308500
29562500
28232500
28974000
29612000
28271000
28931500
28997500
28201500
28781000
28258000
28235500
28154000
29011000
28343500
29056500
28191500
29658000
29622500
28860500
28928000
28329000
28189000
28277000
28953000
28268500
28199000
28918500
28912500
29494000
28733000
28229000
28205000
28106500
28259000
29438500
28309000
28250500
28214500
28235000
28858500
28220500
28109500
28844000
29649500
28134000
28211000
28288000
28995000
28246000
28221500
28194000
28030500
28140500
28824500
28258000
28254000
28820000
29636000
28861000
29613000
29663000
28184500
28302500
28229000
28231500
28234500
28908500
28307000
28875000
28196500
28141500
28869000
28138500
28190500
28217000
28899000
29594000
28905000
28910500
28160000
28238000
28218000
28166000
29489000
28120500
28288000
28161500
28231000
28956000
28170000
28199000
28240000
28861500
29590000
28215000
28258000
28995000
28266000
28786500
28310500
28216000
28256500
28231500
28166500
28044000
28755500
28255500
28222500
28276500
28961000
30213000
28236000
28931500
28206000
28845500
28191000
28918500
28269500
28188500
28261500
28181000
28274500
28870000
28136500
28226000
28238500
28701000
28180500
28054000
28239500
28254000
28140000
28318000
28274000
28213000
28220500
28137000
28242500
28102000
28180500
28909000
28259500
28269000
28229000
28939000
28238000
29618000
29594500
28189500
28209000
28261000
29650000
28176000
28838000
28195500
28903500
28249000
28762500
28258000
28802000
28230000
28933500
28106000
28290500
28904000
28182000
28254500
28767500
28239000
28858500
28148000
28927500
28244000
28775500
28953000
28896500
28183500
28210000
30092500
28285500
28116500
28962500
28247500
28149000
28289000
28238000
28040000
28324500
28279000
28209500
28206500
28266500
29447500
28255000
28177500
29616500
28185500
28966000
28233000
28270500
27988500
28773000
28096500
28812500
28934000
28942500
28301000
28303000
28844500
28786000
28186500
28238500
28132000
28246000
28899500
28125000
28103500
28148500
28106500
28207000
28230500
28168500
28295000
28884500
28961000
28234000
28238500
28989500
28212000
28298000
28106000
28138500
28302500
28903500
28244500
28144500
28852500
28879500
28264500
29705500
28178500
28861000
28267000
28899000
28222500
29471000
28214000
28189500
28333000
28220500
28139000
28207500
29609000
28150500
28934500
28229500
28302000
29524000
28245000
28861500
28240500
28272000
28925000
28173500
28121000
28114500
28903000
29611000
28135500
28149000
28334500
28251500
28868000
30217500
28925500
28252500
28255500
29545500
28285500
28954000
28209500
29554000
28186500
28717000
28246500
28119500
28872000
28230000
28181500
28172000
28276000
28821500
28810000
28311000
28906000
28963500
28926500
29614500
28250000
28234500
28248500
28211500
28210000
28152500
28950000
28145500
28911500
29573000
28191000
28095000
28926000
29018500
28829500
28201500
29741000
28913000
29030500
28908500
28288000
28219000
28257500
28953500
28324500
28255500
28256000
28214000
28275000
28207500
28191000
28851500
28137000
28156000
28215500
28228500
28155000
28974500
28146500
28230500
28867500
28870500
28273500
28192000
29022500
29770500
28898500
29600500
29585500
28958500
28203000
28720000
29031500
28158500
28152500
28290500
28105500
28130000
28247000
29539500
28197500
28278000
28143000
28863000
28984500
28280500
28231500
28210000
28851000
28686000
28212500
28139500
28982500
29550000
28222500
28263000
28274500
28861500
28856000
28874000
28144000
28101000
29543000
28240500
28238000
28979000
28265000
28153000
28866500
28133000
27916000
28245000
28158000
28166500
28861000
28716500
28045000
28282500
28945000
28212000
28208000
29564500
28946000
28265000
28707000
28291000
28867500
28893000
28975000
28791000
28872000
28949500
28145000
28102000
28317000
29596000
28924500
28783000
28079500
28236000
28015500
28126500
28232000
29645000
28914500
28242500
28063000
28920000
28892000
28226500
28265000
28978000
28251500
29467000
28263000
28904000
28209000
28214000
28282000
28165500
29675500
28256500
28916500
28120500
28114000
28902500
30252000
28245500
29484500
28111500
28189000
28865000
28125000
28312500
28157500
28190500
28113000
28249000
28231000
28916000
28169500
28993500
29017000
28156500
28153000
28858500
28938500
28118500
28217000
28158000
28934000
28928500
28912000
28999500
28187500
28150000
28111500
28980500
29082000
28973000
28897000
28147500
28866500
28261000
29711500
28215500
29567500
28307000
28922000
28117000
28793500
28144500
28164000
28153000
28020500
28816500
28818000
28109000
28783500
28873500
28187500
28246000
28140000
28147000
28153500
28343500
28949500
28902500
28922000
28241500
28181500
28927000
28926000
28267500
28826000
28188000
28890000
28286500
28804000
28167000
28212000
28238500
28297000
28170000
28841500
28142000
28961000
28928000
28247000
28188500
28167500
28180500
28833000
28847000
28871000
28226500
28960000
28157000
28128500
28280500
28096000
29802500
28099500
28296500
28255000
28349000
28148500
28854000
28855500
28313500
28232500
28191500
28156500
28113000
28883000
27991000
28152000
28080000
28206000
28242500
28291500
28810500
28918500
28875500
28264000
28266500
28326000
28216000
28271500
28206500
29003500
28294000
28237000
28182500
28921000
28345500
28979000
28135000
28902000
28914000
28276000
28940000
29610000
28971000
28169500
28254500
28250000
28191000
28289500
28126000
28898000
28950500
28255500
28284500
28248500
28227500
28741000
28876000
28201500
28263000
28969500
29505500
28290500
28209500
28207000
28869000
29631000
28190000
28888000
28840500
28158000
28148000
28123500
28336500
28229000
28925000
28115000
28192000
28208500
28213000
28270000
28281000
28223500
28263500
28930000
28292500
28914000
28189000
29605000
28205000
28222500
29526500
28174000
28186000
28942000
28286000
29670500
28854000
28893000
28812000
28158500
28199000
28142000
28239500
28877500
28152500
28140500
28811000
28270500
28306000
28254000
29665500
28213500
29010500
28200500
28133000
28256500
29592500
28223000
29698000
28215500
28281000
28876500
28859500
28140500
29640500
28127500
28187500
28234500
28062500
28227000
28950000
28233000
28866500
29723500
28182000
28306500
28896000
28273500
28287000
28309000
28102000
28225500
29631000
28234000
28894000
28194000
28176500
28279500
28214000
28712000
28956500
28115000
28212000
29492000
28389500
28269000
28200000
28212500
28238000
28240500
28283500
28266500
29614000
28210500
28879000
29014000
28111000
28215000
28266000
28162500
29595000
28775000
28986000
28201500
28167500
28191000
28139500
29636500
27999500
28796500
28217500
28280000
28199000
28193000
28136500
28203000
28216000
28201000
28301500
28201000
28198000
28284000
28288000
28215000
28306000
28091500
29025000
28229000
28931500
29579500
28928500
28218000
28955000
28187000
28955500
28160000
28275000
28296500
28133500
29500500
28271000
28166000
28875500
28343500
28881500
28121000
28986000
28205500
28223500
28912000
28284500
28215000
28287500
28886500
28869500
28192000
28846000
28255500
28110500
28860000
28265000
28739500
28217000
28268000
28196500
27980000
28929000
28169000
28992500
28213000
28907500
28719500
29703500
28214500
28194500
28268000
28717000
28249500
28235500
28307500
28272500
28927500
28051500
27992500
28191500
28252500
28246000
28847000
28224500
29646500
28787000
28250500
28138000
28223000
28911500
28252500
28132500
28231500
28275500
28812000
28134500
28905500
28179500
28136500
28307500
28940000
28257000
29373000
28828000
28251000
28914000
28107500
29006500
28915000
28952500
28903500
30287500
28901000
28189000
28934000
28237500
28932000
28220500
28988500
28250000
28863500
28199500
28821500
28221000
28229500
28153000
28183000
29011500
28307500
28127000
28959000
28794500
28227000
28263000
28222500
28926000
28883500
28106000
29685500
28885000
28216500
28868500
28944000
28287000
28209000
28296000
28980000
28097500
28365500
28188500
28830000
28815000
28386000
28905500
29029000
28105000
28152500
28948000
28807500
29597000
28226000
28032000
29587000
29606500
28224500
28158500
28273000
28984000
28084000
28216000
28262000
28801500
28224500
28917000
28177000
28178000
28811000
28238500
28726000
28265500
28924000
28154000
28831000
28212000
28177000
28240000
28216000
28300000
28204500
28216500
28848500
28234000
28151500
28253500
28109500
28170500
28226000
28178500
28249500
28180000
28969500
28190000
28885500
28856500
28876000
28944000
30242500
28940000
28180500
28179000
29593500
28969500
28163500
28816500
28184000
28172500
28183000
28108500
28915500
28920500
28125500
28928500
28216500
28221000
28967500
28065000
28842000
28940000
28210500
28218000
28817000
28263000
28883000
28278000
28259500
28919500
28922000
28937500
28166000
28931500
28194000
28181500
28208000
28887000
28803000
28305500
28720000
28147000
28299500
28086500
29683000
28991500
28987500
28223500
28928500
28246500
28158500
28266500
28745500
29654000
28855000
28906000
28969500
28836500
28203000
28791500
28951000
28228000
29750500
28909000
28215000
28210000
28175000
28908000
28843500
28148500
28116500
28934000
28135500
28860500
28267500
28127500
28353000
28942500
28801000
28874000
28144000
28850500
28264000
28150000
28715500
28879500
28800500
28968500
28811500
29599500
28838500
28182500
28205000
28222000
28981500
28049000
28110500
28902000
28102000
28227000
28172500
28740500
28169500
28798500
28157500
28199500
28175000
28200500
28834000
28927000
28309500
28107000
28248000
28791000
28140500
28198000
28110500
28160000
28968000
28201000
28875500
28943000
28957500
28782500
28162500
28239500
28233000
29040000
28113000
28948500
28715000
28222000
28155000
28918000
28916000
29554500
28175000
28248500
28250500
28839500
28983500
28246000
28978500
28236500
28927000
28142000
28787000
29664500
28897500
28905000
28881000
28765000
28979000
28779000
28966500
28990500
28907500
28914500
28883500
28922000
28247500
28118000
28963000
28147500
29549500
28189000
28156500
29550500
28239000
28167000
28187500
28223500
28139000
28174000
28919500
28168000
27968000
28148000
28777500
28260000
28931500
28192500
28927000
28240500
28180500
28002500
28225500
28250500
28212500
28849000
28259000
28871000
28184500
28948500
29016000
28303500
28887000
28951500
28119500
28929000
28083500
28123000
28900000
28012000
29600000
28159000
29617500
28935000
28113500
28243500
28995500
28206000
28105500
28823000
28253000
28207000
28231500
28948000
28268000
28199500
28165500
28332000
28283000
28258500
28178000
28034500
28234000
28068500
29447000
28110500
28154500
28242500
28180500
28268500
28911000
28252500
28169500
28186000
28202000
28200000
28192000
30210500
28939500
29597500
28191500
28187000
28886000
28852000
28281500
28238000
29690000
30296000
28241000
28245500
28141500
28111500
28882500
28957500
28932500
28072500
28193500
28274500
28926500
29484500
28907500
28953500
29572000
28028500
28941000
28117000
28296500
28875000
28266000
28877500
28897500
29572500
28194000
28865000
29678500
28280500
28235500
28266500
28943000
27970000
28914000
28257500
28929000
28244000
28234000
28167000
28326500
28977500
28774500
28255000
28300500
29686500
28759500
28269000
28208000
28175500
28254500
28212500
28209500
28819000
28141000
28865500
28336000
28210000
29606000
28283000
28107500
28239500
28944000
29606500
28234000
28318000
28284500
28025000
28241000
29596500
28292000
28174000
28909000
28213500
28862500
28952500
29575000
28802500
28142000
28184500
28872500
28210500
28256000
28158500
28948000
27924500
28254500
28235000
28291500
29015500
28206000
28128000
28176000
28179500
28897500
28110000
28948500
28877000
28218000
28859500
28919000
29003000
28209500
28937500
28186500
28912500
28901000
28907500
29001500
28205000
28960000
28259500
28204500
28204000
28287000
28276000
28967500
29809000
28169500
28315500
28247000
28265000
28854500
28072500
28208000
28969500
28923000
28146500
28779500
29559000
28810000
28891000
28874000
29045500
28877000
28859000
28874000
28235000
28916500
28784000
28212000
28271000
28147000
28880000
28138000
28738000
28754000
28830000
29718500
28886000
28227500
28240000
28232000
28908500
30175000
28198500
28871500
28364500
29719000
28955500
28974000
28114500
28204000
29497000
29542000
29496500
28244500
28201500
28178000
28944500
28164000
28887000
28097000
28187500
28950000
28989000
29544000
28899000
28187000
28190500
28131500
28211000
28206000
28049500
28260000
28307500
28162000
28199000
28307000
28283500
28919000
29618000
28917500
28196000
28136000
28122500
28256500
28177000
28836500
28265000
28981500
28899500
28202000
28899000
28234500
28829500
28911500
28181500
28157500
28161000
28279000
28970000
28903000
28122500
28121000
28260000
29575500
28934000
29620500
28188500
28119500
29575000
29554000
28240000
28942000
28903500
28995500
28968500
28990500
29654000
28202500
28192000
28147500
28936000
28897000
28086000
28225000
28252500
28121500
28947500
28190500
28152500
28175000
28919000
28990000
28989000
28960500
28217000
28227000
29004500
28179000
28189500
28194500
28242000
28119500
28208500
28698500
28172500
29019000
28127000
28972000
28872000
28160000
28205000
28955000
28731000
28913500
28220000
28216000
28179000
28955500
28873000
28206500
28243000
29598500
28915000
29635500
28279500
28144000
28306000
28265500
28831500
28134500
28170500
28261000
28987500
28188500
29741500
28268500
28246500
28295000
28169500
28248500
28209000
28810500
28979000
28125500
28302500
28277500
28935000
28255500
28910500
28211500
28722500
28303000
29539500
28125500
28888500
28140500
28255000
28861500
28935000
28633500
28095000
28197000
28153000
28177500
28157500
28104500
28202500
28841500
28192500
28249500
29650000
28132000
28226000
28904000
28869000
28271500
28190500
28228000
28095000
29457500
28176000
28233500
28105500
30927500
29000500
28888500
28884500
28981000
28922000
29634500
28842500
28316000
28918000
28239000
28233000
28136500
28216500
28952000
28098500
28229000
27768500
28264000
28226500
28928500
28175000
28879500
28869500
28186500
29586000
28214500
28239500
28150500
28292000
28793500
28139500
28918000
28230500
28898000
28164500
28140000
28925000
28338500
28198500
28163000
28856000
28156000
28898000
28216000
28140500
29594000
28861000
28098000
29017500
28227500
28148000
28238000
28096500
28937500
28259000
28911000
29620500
29478500
28173000
28282000
28149000
28926500
28179000
28151500
28976500
28853500
28120000
28127000
28979500
28884000
28881000
28951000
28213000
28269000
28203500
28262000
28847500
28314500
28920000
28904500
28205000
28234500
28225000
28264000
28129000
28199500
28274500
28254000
28227500
28830500
28280000
28180500
28021000
28994000
29577500
28214000
28973500
28223000
28875500
28119000
28212000
28786000
28229000
29540000
28841500
28254000
27976000
29048000
28161000
28050000
29677500
28981000
28277000
28901500
28861500
28239000
28248000
28273500
28159500
28815500
28363000
28152500
29635000
28817000
28994500
28876000
28238500
28267000
29601500
28684000
28769500
28183000
28946500
28118000
28831500
28195500
28870000
28900000
28917500
28181000
28884500
28278500
28286000
28152000
28986000
28329500
28260500
28080000
28234000
28984000
28312000
28225000
29608000
28297000
28865000
28149500
28936500
28261500
28834000
28300000
28240500
29625000
28812000
29010000
28259000
28835000
28713500
28923500
28281500
28898000
28311500
28230000
29506500
28174500
28246500
28924000
28891500
28927500
28839000
28889000
28943500
28142000
28905000
28111000
28252000
28174500
29569000
28200500
28847500
28874500
28193000
28879500
28163500
28228000
28805500
28334500
28164000
28203000
28944500
28884000
28216500
28791000
28928000
28234000
28216500
28935000
28909500
28209500
28806000
28954500
28957000
29696000
28642500
28974000
28224000
29678000
28870500
28244000
28228000
28173000
28858500
28305000
28945000
28119500
28810500
28881000
28250000
28259500
28334500
28009000
28147000
28964500
28233500
28175000
28819000
28184000
28096500
28212000
28148500
28842000
29682000
29573500
28843000
28317000
28242000
28220000
28930000
28258000
29024000
28176000
28114500
28325500
28250000
28806500
28252500
28354500
28244500
28303000
29540000
28970500
28089000
28882000
28210000
28201500
28212000
28003000
28934000
28169500
28207500
28847000
28894500
28141000
28896000
28955000
28212500
28192500
28890500
28132500
28182000
28132500
28853000
29510000
28139000
28224000
28092500
28198000
28895000
28249000
28882500
28077500
28236000
28226500
28220500
28130000
28975500
28861000
28267500
28196500
28227500
28194000
28317500
29012000
28946000
28231000
28259000
28235000
28247500
28153000
28774500
28206500
28213000
28248000
28173000
28186000
28694000
28080000
28176000
29662000
28220500
28252000
29034000
28206500
28248000
28897000
28253500
29451000
28182000
28274000
28911000
28854500
28997000
28288500
28916500
28326500
28216500
28290500
28867000
28234500
28193500
28853000
28034000
29717500
28919500
28193000
28286500
28267000
28268500
28139500
28887500
28325500
29582500
28230500
28885500
29480000
28237000
28912000
28845000
28234500
28168000
28227000
28316000
28228000
28265000
28161500
28822000
28009000
28790500
28217500
28085500
28905500
28823000
28307000
28802000
28094500
28871000
28868000
28212500
28817000
28246000
28242500
28909000
28235500
28947500
28809000
28188000
30273500
28838500
28281000
29565000
28326000
28224500
28861000
28865500
28238000
28833500
28089000
28240500
28385000
30233500
29628500
29628500
28048000
28818500
28149000
28863000
28869000
28971500
28885000
28217500
28267000
28187000
28234500
28152500
28925500
28133000
28224000
28275500
30259000
28945000
28175000
28207500
28168000
28277000
28967500
28921500
28789000
28290000
28186500
29014000
28884500
28924000
29014000
28215500
28267000
28186000
28179000
28043500
28857000
29500500
28269000
28248000
28241500
28209000
28163500
29638000
28883500
28234000
28231000
28101000
28281000
29614000
29477000
28902000
28863000
28203500
28183000
28262000
28243500
28950000
28258000
28889000
28318500
28266000
28199000
28831000
28206500
28136500
28980500
28174000
29603000
28196500
28278500
28797000
28234000
28956000
28167500
28167500
28749500
28188000
28116500
28216500
28214000
28795500
28176500
28221000
28185500
28186500
28197000
28231500
28248000
28177000
28290500
28847000
28293500
28877000
28898000
29676500
28301500
28209500
28941500
29666500
28944500
28104000
28292000
28213500
28824500
28176000
28221500
28224500
28257500
29710500
28888000
28277000
28181000
28825500
28248500
28856500
28886000
28305500
29695000
28154500
29029500
28253000
28846000
28775000
28198000
30215500
28864500
28151500
28930500
28216000
28106500
28089000
28800000
28182500
29602000
29612000
28805500
28820500
28184000
28916000
29579500
28263000
28111500
28203500
29532000
28265000
28207500
28833500
28952500
28228000
28919500
28884000
29672000
28124000
28889500
28301000
28841500
28175000
29369500
28193000
28961000
28898000
29577000
28234500
29563500
28985000
28235000
28109500
28192500
28149500
28929000
28240000
28182000
28202500
28192000
28932000
28294500
29638000
28170500
28206000
28230500
28250500
28182500
28262500
28919000
29063000
28989500
29518500
28159000
29471000
28036000
28994500
28254000
28203000
28192500
28857000
28851000
28947500
28791000
28236000
28255000
29702500
28174500
29411000
28150500
28162000
28188500
28240500
28874000
28223500
28263000
28278000
28287000
29447000
28821500
29548000
28273000
28246000
28240500
28938000
28509500
28251000
28822500
28225500
28281000
28849500
29554500
28246000
28931500
28254000
28195500
28214500
28969500
28934500
28236500
28933500
28878500
28301500
28125500
28259500
28258000
29686000
28916000
28265000
28273500
28843000
28304000
28194500
28898000
28154000
28232000
28919000
28259000
28146000
28234000
29615000
28878000
28281500
28267500
28153000
29002000
28213000
28959500
28130500
27997000
28261000
28299000
28057000
28270500
29697500
28808500
28239000
28230000
28914500
28311500
28826000
28144000
28187000
28245500
28234500
28158500
28198500
28218500
28067000
28810500
28232500
28194500
28251000
28240000
28933500
28231500
28862000
29669000
28031000
28814000
28196500
28188500
28154500
28071500
28830500
28834500
28208000
28923000
29500000
28973000
28288000
28246000
28229500
28274500
28900000
28909000
28300000
28274000
28933000
28801500
28160000
28316500
28158000
28308000
28220500
28215000
28216500
28250500
28099000
28957000
28803500
28211000
28138000
28813500
28194000
28939500
29607500
28177500
28136000
28177500
28185500
28934500
28083000
29702500
28050500
28106500
28268000
29572000
28245000
28937000
28227000
28228500
28202500
28179500
29598000
28176000
28898500
29412500
28199000
28115000
28187500
28872000
28144500
29745500
28942000
28254000
28212000
28234500
28858500
29528500
29579000
28347000
28857500
28267500
28852000
28234000
28262000
28245500
28796000
28230500
28130000
29665000
28282000
28888500
28241500
28942000
28846000
28202500
28894000
28875500
28198500
28068000
28216500
28868500
28112000
28177000
29576000
28967000
28957500
28863000
28222500
28210500
28307500
28119500
28236500
28234000
28176500
28230500
28340500
28270500
29689000
28153500
28953500
30252500
28977000
28211000
28295500
28304500
28138500
29594500
28947500
28199000
29560500
29598500
28177500
28927500
28931000
28100500
28913500
28894500
28238500
28841500
28277500
28158500
28837000
28993000
28204000
28264500
28230500
28237500
28172500
28202000
28182500
28224500
28268500
28078000
28196500
28971500
28354000
28977500
28152500
28884500
28277000
28259000
28285500
28203000
28849000
28856000
28093000
28170500
28901000
28139000
28865000
28170500
28245000
28262000
29445500
28296000
28240500
28124000
28282000
28835500
28902500
28142500
28922500
28196000
28198500
29311500
28194000
28747000
28210000
28902500
28951500
28181500
28913500
28240500
28221000
28784000
28149000
28232000
28225500
28180000
28860500
28205500
28889500
28128500
28349000
28189500
28943500
28877000
28891500
28122500
28212500
28930000
28903500
28196500
28921000
28859500
28203500
29707500
28276000
28117500
28274000
28160000
28883500
28890000
28956500
28256500
28895000
28942500
28328000
28148500
28858000
28948500
28902000
28159000
29721500
29603000
28833000
29696000
28266500
28885000
28815000
28996500
28104000
28208500
29629000
28979500
28953000
28863000
28917000
28850500
28993500
28194500
28854000
28253500
28861500
29680000
28153500
28220000
29662500
28260500
28160500
28890500
28207000
28315500
28270500
28186500
28220000
28997000
29000500
29574000
28138000
28889000
28220500
28320500
28279000
28118500
28165000
28872000
28178500
28909500
29588000
28109500
28792000
28931000
28199500
28076000
28308500
28203500
28198000
28105000
28951500
28240000
29684500
28228500
28202500
28292500
28260500
28265500
28235500
28274500
28121500
28996500
28201500
28829500
28046000
28125500
28204500
28005000
28280500
28192500
28919500
28180500
28847500
28207500
28224500
28963500
28144000
28220000
28212000
28966000
29706500
28934500
28264500
28902000
28140500
29014000
28905000
28226000
28116500
28221000
28256000
28890000
28209500
28278000
28264000
28878500
28172500
28847000
28979000
28230500
28902500
28265000
28233500
28848000
28759500
28280500
28232500
28904000
29001000
28167500
29491500
28166000
28235500
28226500
28842500
28194000
28271000
28260000
28140500
28182000
28269500
28919000
28254500
28910500
28171500
28081000
28261000
28142500
29656000
28876500
28215500
28161000
28180000
28219000
28887500
28811500
28927500
29007000
29602000
28938000
28285000
28892000
28173500
28966500
28255500
28800000
28878500
28215500
28959500
28195000
28266000
27997000
28897000
29504000
28904500
28292000
28959500
28189000
28149500
28749000
28192500
28140500
28209000
28239000
28190500
28882500
28273500
28778000
28043500
28792500
28219000
28891500
28092500
28268000
28818000
29016000
28217500
28215000
28296500
28225500
28211000
28182000
28102000
28309500
28196500
28293000
28236000
28913500
28219000
28202500
28986000
28227000
28124500
28219500
28211500
28864500
28240000
28113500
28088500
28245500
28787500
29644500
28876000
28974000
29611500
28235000
29681500
29738000
28271000
28255500
28228500
29000500
28255000
28110500
28316000
28844000
29548500
28218500
29537000
28262000
30195500
28212000
29600500
28901000
28828500
28843000
28985000
30260000
28212500
28282000
28203000
29643500
28960000
28245500
28184000
28907000
28847000
28162500
28959500
28955000
28840000
28302000
28192000
28219500
28312000
28182500
28362000
28787000
28851500
28258000
28184500
28245000
28771000
28921500
28231500
28247500
28883500
28823000
28911000
28078500
28230000
28201000
28884000
28219500
28889500
28231000
28250500
28873500
28219500
28925000
28166500
28102500
28087500
28266500
28944000
28166000
28246000
28863500
29670500
28215000
28053500
29564500
28220500
28824500
28247000
28150000
28291500
28866500
28911000
28270500
28136000
28874500
29689500
28094500
28860000
28910000
28163000
28090500
28225500
28869000
28128000
28953000
28125000
29780500
28954500
28116000
28978000
28264000
28886000
28934000
28909500
28924000
28908500
29020000
28874500
28979500
28134500
28865500
28094500
28342000
28238500
28285500
28910000
28283000
28145000
28190000
28212500
28921500
28257000
28851000
28219500
28896000
29626000
28185000
28255500
28268000
28960500
28208500
28159500
28943500
28326000
28880000
28279500
28299000
29641000
29583000
28946500
28192000
28246000
28928000
28157500
28239500
28976000
28225000
28964000
28182500
28164500
28212000
28895000
28822000
28817000
28320000
28291000
28889500
28160000
28202500
28205500
28923500
29587000
28164500
28287500
28243000
28222500
28179500
29466500
30256500
28948500
28898500
28301000
28950500
28301500
28133500
28157000
28924000
28135500
28859500
28263000
28243000
28195000
28201500
28227000
28192500
28889000
28907000
28249000
28314500
28281000
28262500
28273000
28243500
28265000
28178500
28881500
28177000
28183000
29053000
28272500
28260000
28226500
28162500
28208000
29731000
28914500
29577000
28918000
28198500
28182000
28675000
28174000
29036000
29505500
28100500
28217000
28138000
28866000
28857500
28319000
28240000
28140500
28258500
28960500
28987000
28952000
28857000
28111500
30165500
28818000
29611000
28204000
28084500
28099000
29619000
28163500
28267500
28268000
28302500
28824500
28195500
28978000
28115000
28203500
28899500
28232000
28230500
28828000
28227000
29601000
28248000
28969000
28260500
28158500
28310500
28190000
28899000
29428500
28267000
28885000
28211500
28808500
28907500
28850000
28214000
28876500
28220500
28232500
28883000
28974000
28924500
28211000
28973500
27967000
28251000
28240500
28176000
28887500
28233500
28212500
28266500
29699500
28978000
29603500
28158000
28297500
28217000
28211000
28206000
28283000
28093500
28195500
28179000
29682500
28880000
28168000
28044500
28151000
28187000
28209000
28266000
28166500
28273500
28903500
28842500
28182500
28218500
28802000
28847500
29010500
28266000
29592000
28268000
28285000
28256000
28921500
28176500
28868000
28264000
28877500
28167000
28961500
29037500
28895000
28119500
28129500
28835000
28293500
28261000
29652500
28755000
28197000
28270500
28199500
28150500
28144000
28728000
28298500
28242500
28804000
29020000
29656500
28750500
28225000
28145000
28169500
28240500
28886000
28145000
28231000
29628500
28148000
28192500
28314000
28750500
28160500
28209000
28139000
29609000
28806500
28224500
28885000
28211000
28169000
28003000
28902500
28200500
28181000
28894500
28798500
28240000
28187000
28030000
28018000
28888500
28267000
28266500
28167500
28163000
28117000
28283500
28248500
28281000
28233000
28971500
28916000
28262500
28124000
28935000
28236500
28271000
28203000
28274000
28166500
28219500
29614500
28721500
28282500
28227000
28297500
28099000
28262000
28275000
28936000
28271000
27910000
28235000
28211500
28166000
28115500
28306000
29053000
28144500
28277000
28204000
28198000
28948000
28257000
29517000
28263500
28115000
29015500
28284500
30316000
28971000
28198000
28950000
28223500
28919500
28289000
28179000
28233500
28898000
28159000
28887000
28270000
28244000
28223000
28164500
28178000
29016500
28323500
28257500
28136000
28306500
28232500
28248000
29044500
28159500
28140500
29057500
28849000
29006000
28970000
28315500
28789500
28223000
28230500
28180500
28871000
28181500
28218500
28218000
28116000
28228500
28188000
28205000
28274000
28204000
29650000
28236000
29626000
28324500
28239500
29525500
28248500
29614500
28332500
28192500
28200500
28165500
28896000
28702000
28200000
28856000
28980000
28890000
28102500
28909500
28284500
28889500
28293000
28169000
28334500
28196000
28244500
28173000
28947500
28943500
28190500
28809000
28217500
28200000
28916500
28937500
28320000
28164500
29584500
28234000
28938000
28185000
28196500
29046000
28124500
28253000
28306500
28256500
28128500
28106500
28182500
28214500
28249000
28857500
28288000
28083500
28194500
28942000
28250000
28290500
28973500
28180500
28182000
28084000
28835000
28305500
28253000
28927500
29653000
28264500
28164000
28344000
28926000
28221500
28954000
28227000
28893000
28878000
28089000
28922500
28136000
28142000
29631000
28280500
28144000
28944500
29673500
28257000
28140500
28127000
29038000
28273500
28182000
28255000
28723000
28120500
28897500
28243000
28783500
28265500
28942500
28242000
28909500
28191000
28199500
28026500
28296500
28903000
28909000
28157500
28225000
28262500
28993000
28910000
28823000
28171500
29668000
28157500
28803500
28142000
28200500
28245500
28164000
28280000
28941000
28877500
28247000
29032500
28852000
28877000
29626500
29554000
28847000
28337000
28853000
28221500
29483000
28958000
28290000
28157000
28687500
28908500
28922000
28927000
28816500
28253500
29001000
28203500
28932500
28918000
28132000
28193000
28233000
28844500
28255500
29455000
28862000
28092000
28165500
28231500
28265000
28928500
28163500
28314500
28226000
28894500
29662500
28896000
28954000
29588500
28860500
28109500
28865500
28794000
28181000
28821000
28187000
28778000
28924500
28159000
28876500
28818500
28836000
28274500
28938500
28245000
28847500
28984000
28256000
28298000
29013500
28297500
28973000
28241500
29034500
28239500
28214500
28912000
27972500
28244500
28363000
28915000
28958000
28917000
28228000
28309500
28285500
28914500
28837500
28215500
28249000
28936000
28212500
28921000
28805000
29581000
29643500
28129000
28122500
28866000
28034500
28996500
28162000
28884500
28950500
28230500
28270000
28165000
28918000
28889000
28163500
29686000
28977000
28844000
28166500
28924000
28208500
28156500
28966000
28224500
29017500
28980000
28241500
28864000
28930000
28262000
28278000
28216500
28084000
29630000
28910000
28878500
28318500
28975000
28953000
28219500
28103000
28282500
28317000
28833500
28884500
28866000
28157500
29474000
28300000
28986500
28946500
28812000
28178000
28091000
28280000
28850000
28270500
28154000
28204500
28885000
28211000
28307000
28879000
28200000
28941000
28174000
29704500
28297500
28108500
28898000
28846000
28818000
28905000
28294000
28150000
28275500
28994000
28243000
28321500
28247500
28199000
28168000
28172500
28173000
28153500
28878000
28220000
28356000
28188000
28156500
28892000
28190500
28123000
30210000
28965000
28182500
28925000
28186000
28257500
28149000
28857000
28935500
28146500
28216500
28937500
28724000
28077500
28869000
28336500
28250000
28268000
28150500
28195000
28854000
29589000
28871000
28211000
28266000
28227500
28247500
28100000
29013500
29576500
28861000
28240000
28991000
28337500
28289000
28303500
29639500
28204500
28092000
28203000
28893500
28282000
28844500
28755500
28053000
28716000
28899000
28190000
28740000
28821000
28824000
28822500
28192000
28854500
28283000
28216000
28187500
28199000
29709000
28823500
28228500
28296000
28903500
28190000
28303000
28974000
28319000
28977500
28997000
28947500
28216500
28102500
28267000
28388500
28932000
28887000
28237500
28117000
28300500
28950000
28259000
28178000
28230500
28225000
28220000
29630500
29010000
28150000
28940500
28853500
28333000
28251000
29016500
29567000
28774000
28107500
29371500
28999000
28837500
28172500
28229000
28817000
28227000
28799500
28918500
30047000
28218500
28736000
28201000
28186500
28929500
28321000
28929500
28949000
28215000
28823000
29013000
28295500
28170000
28857500
28247500
28908500
28265000
28225000
28848000
28851500
28214500
28981000
28247500
29664000
28921500
28875500
28209500
28882500
28920500
28154500
28224000
28323000
28239500
29635000
27898000
29612500
29570000
28206000
28935000
28241000
28154500
28229000
28870500
28953000
28313000
28923000
28770000
28312000
28154500
28250500
28172000
28148500
28099000
29613000
28168500
28927000
28110500
28189000
28912000
28240000
28263000
28246500
28233500
28227000
28786000
28930000
28304000
28241500
28176000
28887000
28283000
28202000
28197500
28293000
28449000
28256500
28246000
29674500
28122500
28215500
28206500
28257500
28259500
28244500
29586000
28219500
28275000
28930500
28278000
28177000
28256500
29745500
28187500
28178500
28118000
28976000
28268500
28227500
28196000
28244000
28874500
28118500
28208500
28876000
28222500
28792500
28153000
28281500
28183500
28392500
28278500
28188500
28873000
28203000
28868500
28937000
28161000
28816500
28851500
28238500
28292500
28153000
28920500
28203500
28225500
28953500
28175000
28235500
28193000
28255500
28303500
28887000
29614000
28263500
28245000
28193000
28258000
28962500
28842000
28183500
28233000
28177000
28201000
28849500
28333500
28093500
28854000
28118000
28209000
29011000
28286000
29544500
28908500
29629000
28909500
28966500
29037500
28244000
28322000
29661000
28865000
29013000
28267000
28927500
29513500
29492000
28192000
28388500
29644500
28266000
28262500
28224500
29570500
28900500
28183500
28292500
28961000
28164500
28944500
28216000
28894000
28248000
29628000
28284500
28273000
28271000
29712000
28223000
28884000
28124500
28928000
28213500
28116000
28815000
28166000
28176000
28950500
28358000
28964000
28130000
28805000
28089500
28966000
28166500
28871000
28189500
28144000
28181500
28248500
28967500
28298500
28269500
28854500
28306500
28876500
28196500
28141500
29477000
28161500
28187500
28959000
28141500
28868000
28179000
29005000
28850000
28221500
28194000
28924500
28269500
30137000
28207000
28731500
28096000
28271000
30204500
28903000
28327500
28222000
28350500
29024000
29525000
28031000
28182500
28281000
28126000
28213000
28954500
28097500
28946000
28980000
28887500
28194000
28961000
28841000
28168500
28933500
28216500
28213000
28246000
28206500
28168000
28290500
28967500
28234000
28152500
28249000
28275500
28127000
28110000
28797000
28822000
28144500
28245000
28907500
28216000
28218500
28912000
28886000
28197000
28293500
28263000
28242000
28224500
28198000
28175500
28805000
28937000
28163000
28142000
28930000
28095000
28938000
28248000
28868000
29633000
28243000
28257000
28955000
28150000
28298500
28258500
29014500
28929000
28237500
28972000
28257000
28148500
28200000
28191500
28866500
28054500
28276500
28223000
28900000
28240500
28778500
28138500
28888500
28230000
28857500
29698500
28205000
29058500
28226000
28944000
28340500
28837000
28947500
28312500
28318000
28072000
28200500
28940000
28774000
28265500
28864500
28815500
28198000
29688500
28336000
28257500
28853000
28154500
28262000
28282000
28208000
28142000
28249000
28277500
28082000
28827500
28230000
28905000
28952000
28909500
28913000
29487500
29707000
28181000
28171500
27982500
28938000
29520000
28704500
28265500
28947000
28933500
28278000
28265000
28271500
28264000
28179000
28195000
28887000
28288500
28315500
28199500
29606500
28829500
28208500
28850500
28157500
28254000
28860500
28838500
28076000
29667500
28792000
28249500
28891000
29469500
28087000
28125000
28130000
28187500
28925000
28836000
28092500
28282500
28159500
28977000
28221000
28845000
28202000
28167500
29007000
28854500
28224500
28242000
28197500
28233000
28937000
28157500
28230500
28869000
29512000
28163000
28217500
28167000
28282000
28227500
28894000
28866500
28190500
28165500
28102500
28030500
28284500
28323500
28192000
28164000
28896500
28164500
28900000
28255500
28257000
28160000
28117500
28129000
28233000
28286500
29492000
28152000
28227500
28894000
29568000
28167500
28850500
28175000
28232500
28171000
28175000
28280000
28861000
28173500
28239000
28271000
28200500
28995500
28264500
28199000
28846500
29015000
28840500
28284500
28208500
28932000
28125500
28785000
28879500
28941000
28900500
28959000
28875500
28868500
28237500
28915500
28879500
28269000
28191500
28309500
28215000
28263500
28190500
29004500
28209500
28942000
28842500
28254500
28188000
28156000
29417500
28237000
28832000
28932000
28902000
28177500
28172000
28147000
28980500
28236000
28253500
28920500
29562000
28828000
28295500
28286500
28998500
28854000
28257000
28202000
28183500
28890000
28148500
28213000
28932000
28864500
28242000
28219500
28285500
28091000
28148500
28854500
28197000
28172500
28302000
28845500
28249500
28890000
28871000
28253500
28213500
28183500
28213000
28137500
28931500
28246000
28219500
28141000
28307500
28952000
28952500
28135500
29524000
28249500
28219500
28321000
28707500
28857000
28849000
29568500
29001500
28139000
28160000
28224500
28894000
28257000
28962000
28286500
28862500
28283000
28934000
28138000
28923500
28959000
28232000
28121000
29637000
28249500
28240000
28180500
28734500
28172000
28166500
28123500
28199500
28189500
28199000
28966000
28978000
28308000
28984500
28180500
28915000
28096500
28976000
27981500
29580500
28221000
28891500
28282000
29689000
29024000
28183000
28279500
28286500
28166000
28953000
28189500
28951500
28261000
28918500
28872000
28269500
28203000
28247000
28170000
28921000
28837000
28205500
28943500
28963500
28948500
28967000
28148500
28069000
28032500
28219000
28178000
28363000
28208000
28899500
28139000
28237000
28899500
28190500
28984500
28170000
28236500
28166000
28204000
28900000
28163000
28877000
28204500
28174000
28287500
28287000
29532000
28246500
28223000
28233500
28174500
28269500
28901500
29580500
29680000
28153500
28917000
28897000
28933000
28929500
28243500
28308500
28129000
28191500
29712000
28944500
28214500
28268500
28156000
28264000
28692500
29009500
28155000
28172000
28257000
28146000
28082500
28938500
28914000
28171000
30723500
28946000
28142500
28885500
28963500
28934000
28192000
28251500
28169500
28815000
28197000
28231500
29545500
28666500
28869000
28229500
28234500
28806000
28115500
28933500
28242500
29737000
29478500
28197000
28214500
28852500
28243500
28245000
28261500
29617500
28308500
28944500
28239000
28928000
28282500
28182000
28286500
28239500
28159000
29419000
28123500
28236500
28945000
28138500
28262500
28321000
28184000
28288000
28144000
28095000
28209000
28242000
28231000
28249500
28897500
29694000
28268000
29475000
28272500
28747000
28230500
28279000
28107000
29586000
28122000
28215000
28032000
28919000
28259500
28166000
28966000
28239000
28836000
28086500
28211500
28352000
28981000
28999500
28260000
28261000
28870500
28238500
28043000
28170000
28199000
28246500
28205500
28943000
29587000
29477000
28248500
28224500
28218000
28253000
28249500
28184000
28127000
28297500
28139000
28291500
28269000
28245000
28272000
28950500
29577500
28216000
28098000
28910500
28269000
28182500
28202500
28883500
28260500
28167000
28209500
28294500
28278000
28102500
28225500
28267000
28134000
28183000
28185500
28196500
28918000
28186500
28114500
28246500
28939000
28889500
28306500
28319500
28800500
28903000
28237500
28175000
28076500
28902000
28924500
28155000
28768000
28219500
28113000
29494500
28909000
28193000
29577000
28316000
28979500
28854000
28263500
29604000
28187000
28165000
28121000
28145000
28977000
28289000
28298000
28109500
28355000
28891500
28221500
28972500
28249000
28191500
28191000
28284500
28258000
28862000
28195500
28820500
28317000
28913000
28219000
28174000
28850000
28167000
28111000
28252000
28134500
28142000
28269000
28150000
28296500
28070000
28915000
28157000
28251000
28280000
28287500
28226000
28945500
28297500
28247500
28853500
28858000
28324000
28842500
28816500
28184500
28928500
29402000
29011500
28150500
28207000
28283000
28160000
28818000
28176000
28370500
28865000
28298000
28249500
28853500
29002000
28285500
28819000
28185000
28254500
28244000
28265500
29030500
29479500
28229000
29613000
28241500
28264000
28967000
28952500
28220000
28172000
28823500
28870500
28809500
28950500
28131000
28137500
28153500
28153500
28171500
28830500
28902500
28132000
28306000
28301500
28867000
28197000
28124000
28128500
28226000
28302500
28313000
28254000
28889000
28217000
28236000
28229000
29013500
28757000
29667000
28191500
28306500
28883500
28795500
28946000
28213500
28230500
28252000
28287000
28319500
28868000
28211000
28874000
29649500
28175000
29578000
28895000
28092000
28295500
28305500
28924000
28138500
28061500
28172500
28927500
28910500
28607000
28834500
28282000
28775000
28171500
29519000
28202500
28189500
28182500
28183000
28226500
29638000
28232500
28100500
28874500
28866000
28198500
28847500
28802500
28926500
28285000
28224500
28945000
28898000
28174500
28211000
28943500
29014500
28917500
28216500
29013500
29522000
29632500
28134000
28207000
28108500
28107500
28150500
28259000
28181000
28246500
28105000
28164000
28273500
28246500
28927000
28944000
28278000
29055000
28873000
28105500
28802000
29597000
28235000
28194000
28897500
28143000
28986500
28103500
28148500
28869000
28265000
28229500
28881000
28254500
28964500
28948000
28120000
28307500
28147500
28354000
28251000
29650000
28820500
28227500
28892500
28733500
28278000
28251500
28377500
28146500
29521000
28907000
28234000
28934000
28257000
29554000
29009000
28168000
28157000
28923000
28299500
28902000
28118500
28167500
28905500
28177000
29551500
28265500
29716500
28862500
28147000
28163000
28244500
28904000
29597500
28953000
28251500
28227500
28815500
28222000
29670000
28244000
28204500
28168500
28816000
28231000
28155500
28286000
28255000
28303000
28212000
28188000
28175500
28212500
28954000
28915500
28214500
28258000
28210500
28183500
28227500
28854000
28908500
28880000
28863000
28861500
28265500
28156000
28114500
28951000
28155500
28292000
28800500
28250500
28897500
28025500
28256000
30167000
28256500
28941000
28919000
28109500
28208000
28169000
28235000
28125000
28854500
28237000
28219500
28179000
28253000
28225000
30197000
28099000
28230000
28870500
28162500
28251000
28170000
28065000
28870000
29503000
28247500
28237500
29526000
28993000
28889500
28279500
28157500
28259000
28209000
28246000
29029500
29560000
28176500
28177000
28308500
29005000
28980000
28169500
28227500
28127500
28206500
28221500
28062000
28102500
28274000
29534500
28185500
28006500
28399500
28203500
28045000
28823500
28171500
28921500
28199500
28901000
28887000
28318000
29650000
28930500
28977000
28287000
28178500
28325500
28804000
28960000
30103500
29629500
29579000
28894500
28265500
28950000
28916000
28258000
28752500
28160000
28261000
28990500
28207500
28195000
28965500
28240000
28182500
28235000
28257000
28228500
28927500
28202500
28326500
29708500
28284000
28115000
28260000
28243000
28299000
28926000
28146500
28374500
28318000
28968000
28251000
28195000
28182500
28197000
28254000
28295000
28266500
29002000
28808000
28932500
28804000
28896500
28039000
29575500
29631000
28916500
28185500
28151500
28950500
29588000
29001000
28910500
28998500
28854000
28809000
28888500
28948500
28206000
28703500
28196500
29637000
28866000
28909500
28990000
28143500
28908500
28173000
28197000
28182000
29605500
28731000
28204500
28176500
28247500
28149500
28225500
28229000
28272500
28188500
28885000
28957000
28818000
28229000
28905500
28166500
29580500
28927000
28310000
28299000
28243500
28966000
29399000
28914500
28132500
28176500
28998500
29015500
28262000
28235500
28183500
28228000
28311000
30293000
28150000
29534000
28111000
29006500
28252000
28319500
29639500
28785500
28165500
28919000
28743500
28898500
28168000
28208000
28244500
28883000
28849500
28254000
28264500
28859000
28928500
28928500
28179000
28294000
28805500
28191000
28831500
28940500
28960500
28219500
28808500
28941500
28962500
28206500
28891500
28182500
29671000
28120500
28273000
29590500
28323500
28181500
28973500
28163500
28301000
28872500
28154000
28197500
28288500
28292500
28263500
28163500
29611500
28227500
28303000
29707500
28234000
28205500
28279000
28286000
28118500
28880500
28178500
28957500
28167000
28129500
28275500
28930000
28155000
28879500
28942000
28130000
28264000
29631000
28212500
28862000
28976000
28045500
29647000
28848000
28962500
28936500
28267000
28975000
28241000
28922500
28146500
28149000
28824500
28121500
28776500
28229500
29434000
28231000
28973500
28900000
28841500
28319000
28959500
28188500
27871500
28880000
28248500
28261500
28870500
27979500
28263000
28122000
28238500
28154000
28934000
28255000
28894500
28816000
29001500
29470000
28906500
28101000
28144500
28138500
28261000
28206500
28247500
28282000
28877500
28193500
28976500
28207500
28154000
28858000
28915000
28972500
28180500
28287500
28977000
28290500
28252500
28138500
28923000
28161000
28193000
29646500
28870500
29004000
28834000
28917500
28876500
28258000
28192000
28903000
29460500
28946000
28161500
28902500
28068500
28195000
28223000
28206000
28281500
28865000
28227500
28171500
28904500
28274000
28822000
28232000
28896000
28163000
28103500
28950000
30265000
28106000
28180500
28137500
28759500
28119500
28970000
28206500
28143000
28174500
28241500
28918000
28248500
28299500
28284500
28937500
28137500
28183500
28209500
28184000
28106000
28959500
28789500
28811500
28243500
28232500
28146500
28819500
28929000
28119500
28952000
28940500
28135500
29628000
28875500
29650000
28205000
29002000
28232000
28076500
28906500
29724500
28285000
29537500
28948000
28808500
28184500
28843500
28857000
28867500
28217500
28979000
28160500
28310000
28941500
28273000
28266000
28901500
28173000
28227000
28854000
28890500
28120500
28080500
28271500
28190000
28131000
28248500
28905500
28117500
28891500
28185000
28230000
28926500
28863000
28297500
28305000
28240000
28834500
28193000
28930500
28289000
28337500
28882500
28163500
28231500
28791500
28983000
28085000
28302000
28250000
28192000
28043000
28937000
28792500
28837000
28944000
28248000
28281000
28167500
28207000
28222500
28189500
29676500
28905000
28240500
28781500
28935500
28151500
29619500
28266500
28908500
28102000
28192000
29559000
28288000
29001500
29055000
28224500
28340500
29021500
28917500
28187000
28186000
28077000
28210500
28855500
28244000
28144000
28907000
29477500
28919500
28914500
28757000
28202500
28300000
28225500
28267000
29529000
28115500
28227500
28929500
28855500
30235500
28899000
28252500
29046500
28220000
28275000
28966000
28732500
28196000
28243000
28290000
28024500
28198500
28968000
28252500
28263000
28121500
28835500
28263500
28104500
28852500
28236500
28228500
28189000
28111500
28914500
28184500
28224000
28238500
28226000
28878500
28241500
29601500
28170000
28323000
28953500
28198000
28930500
28182500
28890000
28306000
28957000
28828500
28295500
28174000
28283500
28203000
28727500
28282000
28759000
28227500
28289000
29627000
29019000
28267500
28183500
28972500
28744500
28156500
28890500
29477000
28192500
28737000
28867500
28246000
28263500
28120500
29518500
28215500
28196000
28215000
28837500
28196000
28838500
28908500
28128500
28316000
28130500
28863500
28250500
28150000
28181500
27989000
28214000
28218000
28263000
28060500
28157500
28211000
28983000
29642000
28931500
28900000
28148500
28295000
28140500
28144500
29540000
28738500
28277500
28220500
29696000
28260000
28224500
28949500
28297500
29015500
28250500
28874500
28126000
28932500
28925000
28191500
28157500
28213000
28098500
28194500
28718500
29452000
28205500
28878000
28110500
28939500
28942000
28190500
28889000
28895000
28849500
28212000
28219000
28266500
28205500
28840500
28798500
28797500
28247500
28231000
28228500
28175500
28182000
28236000
28783000
28270500
28891000
29540000
28305500
29690000
28284000
28277000
29660500
28792500
28859500
28276000
28139000
28230500
29643000
28231000
28269500
28828500
28154500
28202500
28177500
28961500
28893500
28320000
28239500
28148000
28135500
28160000
28098500
28272000
28282500
28134500
28181000
28830000
28316500
28259500
28149000
28196000
28257000
28199500
28303000
28951000
28831000
28053000
28247000
28845500
28178500
28337000
28969000
29638000
28221500
28149500
29677000
28160000
28312500
28201500
29428000
28194500
28169500
29531000
28232500
28023500
28913500
28238500
28159000
28964500
29018000
28812500
28192000
28937500
28863000
28364000
28811500
28246000
28195500
28266000
27956000
28135500
28175500
28237500
28136000
28870500
28919000
28130000
28945500
28143000
28921500
28947500
28180000
28168000
28270000
28108000
29564500
28248500
28243500
28273500
28292500
28097500
28228500
29688500
28299500
28288500
28938000
28092000
28242000
28889000
28200000
28249500
28079000
28783000
28218000
28193000
28218500
28866500
28849500
27961000
27987000
28218500
28069000
28237000
28256000
28264000
28815000
28314000
28204500
28151500
28988500
28283000
28208000
28252500
28862500
28883000
28233500
28258500
28864000
28871500
27978000
28824500
28901500
28877000
28273500
28111000
28218000
28866500
28198000
28862500
28213500
28166000
28177500
29006500
28266000
28247000
28219000
28216500
28194000
28976500
28956000
28146500
28248500
28173000
28760000
28877500
28168000
28903000
28908000
28148500
29443500
28214000
28761500
29689000
28227000
29605500
30241500
28279500
28177500
28245500
28158500
28174500
28218000
30212000
28860500
28207000
28195500
28290000
28180000
28220500
28926000
28252000
28068500
28273000
28941500
28985000
28158500
28825500
28300500
28917000
28215500
29601500
28950500
28112000
28927500
28175000
28994500
29016500
28259000
29569000
28976500
28078500
28135000
28931500
28173500
28948500
28914500
28201000
28902500
28247000
28195500
28237500
28249000
28947500
28276000
28211500
28992500
29556500
28138000
28268500
28938500
28195500
28305000
28797500
28044000
28210000
28865000
28197000
28154500
28912000
28814500
28163500
28247500
28921500
28091500
28268000
28944000
28212500
28101000
30187000
28271500
28255500
29558500
28180000
28178500
28197000
28257000
28165000
28306500
29679500
28152500
28216000
28182000
29458500
28080000
28208500
28916500
28712000
28858500
28227000
28936000
28949500
28868500
28132500
28050500
28952500
28125000
28849000
28127000
28284000
28917500
28067500
28883500
28147000
29638000
28063500
28219000
28098500
28752500
28980000
28820000
28214000
28937500
28301000
28230000
28927000
28862500
28920500
28947500
28188000
28907500
28274500
28891000
28288000
28191000
28192000
28177500
28913000
28851500
28190000
28872500
28956500
28268500
28923000
28270000
29021000
28273500
28879500
29569000
28906000
28191000
29605500
28885000
28262000
28156500
28869000
28216500
28257000
28207500
28970000
28269500
28223500
28904500
28912000
28032500
28200500
28972000
28934500
28179000
28893000
28303000
29522500
28263500
28256500
28969500
28930500
28227500
28238500
28224500
28273500
28224500
28168000
28977500
28114500
28913500
28836500
28341000
28190000
28835500
28862000
28315000
28914500
28044000
28282500
28201000
28154000
28844000
29626000
29013000
29464000
28278000
28142500
28908500
28258500
28112500
28909000
28845000
28892500
28878500
28284000
29760500
28170000
28973500
28984500
28221500
28901000
28158500
28352000
28963000
28947500
28122000
28976500
28887500
28147500
28272500
28936000
28899500
28911000
28174500
28103000
28931500
28381000
28942500
28244500
28055000
29026000
28269000
28880000
28958000
28797000
28872000
28900500
28158500
28229500
29009000
28223000
28145500
28867500
28118500
29609500
28946500
28225000
28862500
28227500
28900000
28151500
28165000
28889000
28950000
28970000
28175500
28965500
29739000
28952000
28162000
28339500
28194000
28271000
29040500
28891000
28294000
28165000
28303500
28221500
28226500
29020500
28243500
28163000
28153000
28207000
28205000
28242000
28228500
28264500
29552500
28176000
28204000
28849000
28983000
28856500
29022000
28254000
28148500
28260500
28206500
28047000
28807000
28181500
28178500
28181500
28242500
28111000
28852000
28266500
29578000
28165500
28137500
28178500
28243000
28963000
28196500
28962000
28953500
28264500
28294000
28162500
28239000
29548000
28925500
29538000
28925500
28181500
28099500
29662500
29515500
28081500
28202500
28146000
28947000
28203000
28858000
28176500
28852500
29626000
28206500
28103500
28928000
28162000
28214000
28869500
28915000
28179000
28262000
28199500
28224000
28924500
28154000
28920000
29698500
28277500
28842000
28227000
28921000
28204000
28855000
28906500
28163500
28242000
28848000
28157000
28222500
29357500
28318500
28997500
28858500
28206000
28264500
28763500
28228000
28839500
28655000
28881000
28214500
28267000
28199000
28977500
28991500
28089000
28079000
28918500
28173500
29503500
28933500
28169500
28254000
28156500
28207500
28210500
28136000
28913500
28824000
30315500
28773500
28978500
28211500
28159000
28187000
27969500
28998500
28202500
28193000
28215000
28861000
28227500
28167500
28125500
28900000
28302500
28214000
29606500
28204500
28296000
28294000
28268000
28164500
28356000
28924500
28226000
28908000
28286500
28916000
28218500
28844000
28324000
28882000
28168500
28893000
28179000
29686000
28236500
28178500
28924500
28211500
28242000
28177000
29056500
29608000
28124000
29023000
28961500
28196500
29029500
28959500
28067500
28249500
28213000
29656000
28232500
29603000
28930000
29519000
28217500
28282000
28879000
28270500
28204000
28238500
28820500
28877000
28205500
28229500
28980500
28177000
28868500
28175500
28064000
28168000
28831500
28803500
28897500
28946000
28164500
28205000
28860500
28182000
28668000
28223000
28938000
28177500
28218000
28140000
28227500
28227000
28298500
28961000
28188500
28229000
28664500
28141500
27960000
28220500
28747500
28251000
28169000
28822000
28187500
28145000
29662500
28869000
28963500
28166500
28655000
28245000
28139500
29513500
28282500
28140500
28265000
28274500
28896000
27934500
28078000
29650500
28248500
28206000
28201000
28246500
28275500
28284500
28223000
28299500
28757000
28197000
29610000
28827000
28898000
28204500
28973500
28887500
28903000
28917500
28221500
28839000
28919500
28854500
29608000
29613500
28955000
28234000
28837500
29529000
28165500
28334000
28207500
28240000
28919000
28812000
28208500
28870000
28149500
28138500
29002500
29636500
28217000
28169000
28111000
28132500
28909500
28986000
28156500
29008500
28103000
28210500
28266000
28218500
28903000
28022000
28246500
28170500
28965000
28113000
28189500
28191000
28224000
28883000
28208500
28812000
28902000
28181500
28946000
28079000
28316500
28841500
28956000
28136000
28807000
28256500
28271500
28817500
28177000
29621000
28240000
28202500
28268000
29665500
28176500
28810000
29669500
28308000
28163500
28231500
28096000
28982500
28295500
28268000
28375500
28264500
28200500
28976000
28181500
28990500
28124500
28887000
28939500
28963500
28271000
28256000
28151500
28137000
28226500
28245500
28260500
28337000
29020500
28218000
28149000
28889500
28956000
28210500
28292000
28793500
28190000
28932500
28956500
28275500
28933500
28910500
28917500
28190000
28276500
28215500
28221000
28161500
28295000
28231000
28337500
28202000
28919500
28891000
29016000
28093000
28095500
29557500
28188500
28904500
28180500
29656000
28273000
28045500
28208000
28248000
28779500
28980000
28228500
28350000
28233000
28280000
28215500
28276500
28237000
28253000
28974500
28124000
28259000
29022000
28214500
28780000
28904000
28195000
28123500
28170500
28810500
28165500
28168000
28222500
28979500
28101000
29598000
28837000
28270000
28971000
28216000
28172500
28809000
28796500
28234000
28307000
28926000
28772000
28957000
28803500
29635500
28822000
28245500
28826000
28086000
29488000
28204000
28203000
28801000
28813500
28923500
28862000
28165500
28181000
28350000
28258500
28802500
28949500
28917000
29691500
28195000
28094000
29563000
28940500
28170500
28287500
28856000
28231500
28281000
28901500
28137500
28247000
28838500
28218500
28218000
28209000
28025000
29540000
28076500
28095500
28939500
28264000
29026500
29602500
28139000
28764000
28319500
28182000
28934500
28948500
28906500
28199000
28904500
28005000
28241000
28964000
28792500
28909500
28900000
28840500
28242500
28236500
28820000
28221000
28872000
28909000
28135000
28183000
28323000
28198500
28182500
28277500
28826500
28126500
28030500
28850500
28274500
28877500
28214500
28259500
28283000
29622000
29674500
28248500
28905000
28282000
28973500
28193000
28936500
28266000
28223500
28918500
28292000
28184000
28201500
28886000
28233500
28233000
28914500
28288500
28066000
29009000
28940000
28929500
28145000
30217500
28164000
28243000
28912000
28250000
28273000
29686500
28220500
28182500
28215000
28077500
28277500
28228000
28211000
28259000
29794000
28231500
28864000
28237500
29644000
28288500
28205000
28905000
28925000
28276500
28153500
28221000
28217000
28241000
28106500
28248000
29606000
28241000
28982500
28260000
28841000
28272500
28116000
28255500
28063500
29622500
28250500
28291000
28263500
28267500
28953500
28146500
28218500
28147500
28219500
29550000
28958000
28121000
28881000
28915500
28899500
28201000
28837500
29603500
29746500
28288500
28172000
28691000
28225000
28940000
28917500
29532000
28287000
28215500
28837500
28890500
28143500
28105500
28235000
28254500
28253500
28772500
29783000
28887500
28995500
28234500
28975500
28226500
29479500
28248500
28306000
29562500
28886000
28918000
28897500
28238500
28215500
28858000
28269000
28195000
28148000
28823500
28910500
28245500
29595000
28340500
28137000
28149500
28878500
28962500
28288000
28276500
28161000
28078500
28246500
28254000
28959500
28266000
28853500
28952000
28855000
29536500
28099500
28980000
28157500
28270500
28105500
28060500
28869500
28954500
28207000
30237500
28904000
28198000
29504500
28257000
28209000
28786500
28281000
28809500
28251000
28125500
28187000
28183500
28116500
28175500
28184000
29541500
28186000
28886500
28177000
28267000
28070000
28930000
28138000
28802000
28877500
28165500
28884500
28980500
28249000
28290500
28186000
28082000
28236500
28245500
28263000
28169000
28203500
28129000
28106000
29623000
28947500
28226500
28081000
29600500
28797500
28917000
28129000
28256500
28197000
28835000
29664500
28973000
28252000
28238000
28264000
28284500
28156000
28836500
28865500
28215500
28144500
28133500
28932500
28128500
28180500
28224000
29509500
28121000
28188500
28226500
28285000
28970500
28335000
29724000
28287500
28792000
28000000
28135000
29355000
28980500
28101500
28833500
28872000
29684500
28811000
28293000
28206500
28124500
28227000
28243500
28282000
28278500
28873500
28977000
28794000
28316500
28131000
28826500
28169000
28122500
28893500
28262500
28216000
28288500
28167000
28967000
28187500
28187000
29005500
28263000
28886000
28132500
28873500
28258500
28217000
28298500
28223500
28175500
28754500
28205000
28208000
28203500
28326500
28182500
28240000
28320500
28836500
28941000
28889000
28115500
28229500
28278500
28086500
28717500
28304000
28911500
28212500
28806000
28931500
28230500
28157500
29682000
28154500
28177500
28930000
29706000
28262000
28918000
28147500
28195000
28157500
28111500
28926000
28846500
28251500
28256000
28976500
28725500
28345500
28882500
28234500
28876500
28336000
28193500
28996500
28304000
28841500
28891500
28084000
28961000
28211500
29648500
28004000
28324500
30177500
28194500
28098500
28969000
29006500
28883500
28848000
28327500
28178000
29704500
28162500
29618500
28250000
28240000
29076500
28256000
28799500
28273500
28084000
28201000
28027500
28265500
28230000
28293500
28856500
28301000
28878500
28156500
28135000
28253500
29605000
28953500
28123000
28315000
28836000
28882500
28273500
28306500
28137500
28282000
29499000
28276000
28120000
28201000
28206000
28291500
28118500
28022000
28234000
28883500
28258500
28887000
28274500
28915000
28080500
28912500
28766500
28272000
29520500
28987000
28342500
28885500
28947000
28150500
28151500
28997000
28197500
28096500
28933500
28961000
29622500
28784500
28818500
28288000
28221500
28177500
28944000
28952000
28264500
28825000
28261500
28234500
28298000
29661500
28885500
28751000
28875500
28802000
28109500
28130000
28144000
28927000
29627500
29628500
28231500
28176000
28114500
28123000
29640500
28809500
27955000
28196000
28921500
28175500
28265000
28292000
28271500
29629500
28841000
28121500
28951500
28816000
28311000
28980500
28231000
28923000
29535500
28312000
28992000
29579500
28167500
28189000
28918500
28275000
28228500
28270000
28835500
28866500
28868000
28997000
28207000
28252000
28190000
29625000
28291000
28891500
28183000
28954500
28794500
28236500
28308500
28208500
28139500
30198000
28224500
28240500
29643500
28265000
28199500
28943500
28229000
28144500
28947000
28912500
29014000
28159000
28215000
28254000
28139000
28174000
28253000
28860000
28096000
28095500
28215500
28126000
28216500
28121000
28858000
28163500
28872000
28960500
28256000
28152500
28177500
28197000
28069000
28148000
28189500
28164500
28242500
28855500
28304500
28263000
28224500
28236000
28853000
28806500
28988000
29647000
28081000
28270000
28991000
28203500
29656000
29644000
28250000
28210500
28828000
28168500
28319000
28274000
28189000
28898500
28219500
28339000
27981500
28935000
28244000
28230500
29005000
27944500
28188500
28260500
28221000
28139500
28154500
28947500
28889500
28167500
28298000
30296500
28143500
28170500
28905500
28145000
29627500
28926500
28253500
28225000
28864000
28280500
28817000
28272500
28273000
28365000
28044000
28292500
28265500
28876000
28859500
28813000
28200500
28889000
28219500
28299000
28893000
28225000
28290000
28915000
28846500
29645500
28867000
28141000
28945000
28922000
28976500
28945500
28816000
28204000
28871500
28055000
28881000
28269000
28232000
28359500
28209000
30232500
28871000
28187000
28969500
28256000
28183000
28246000
29651000
28932500
28303000
28229500
28162500
28101000
28176000
28254000
28255000
28220500
28252000
28227500
28219500
28241500
29655500
28117000
28220500
28854500
28168000
28911500
28857000
28887500
28179000
29621000
28083000
28738000
28228000
28228500
28331000
28077500
28950000
29658000
28252500
28111500
28146000
28260500
28301500
28998500
28959500
28913000
28980000
29579000
28871000
28107000
28183500
29520500
28167000
28815000
28220500
28271000
28138000
28231000
28209500
28207000
28939000
28960000
28216000
28219000
28156000
28248000
28281000
28930500
28228500
28902500
29650500
28162500
28199000
28801500
28116500
28123500
28283000
29014000
28322000
28176000
28137500
28248500
28849500
28867000
28080000
28902000
28289500
28196000
28266500
28942500
29577500
28246000
28102000
28786000
28078500
28815000
28308500
28259000
29038000
28040500
28194500
28929500
28950500
28192500
28273500
28958500
29654500
28968000
28113500
28101000
28331000
28729000
28167000
28220000
28297500
28867500
29621000
28167000
28923500
28832500
28243000
28697500
28324000
28204500
28211500
28254000
28276500
28701500
28980500
28910500
28010000
28129000
28833500
28908000
28870500
28294000
28157000
28958500
29543000
28217500
28769500
29693500
28222500
28272500
28233000
28282500
28314000
28988500
28183500
28933000
28910000
28892500
28221500
28275000
28986500
28319000
28186500
28126000
28242500
28292000
28868500
28975500
28160500
28236000
28059500
28306500
28195000
28260000
28878500
28281500
28268000
29615500
28199500
28164500
28113000
28955500
28257000
28353000
28260500
29702000
28976000
28883000
28196000
28314500
28239000
28250500
29033000
28170500
28854000
28919500
28315500
28317000
29639500
28126500
29032000
28261000
28267500
28957000
28271500
28123000
28022000
28201500
28202000
28996000
28146000
27963000
28169500
28239000
28197500
29608000
28950000
28229000
28917000
29607500
28091000
28741500
28233500
28195000
28251000
28986000
28886500
28260000
28782500
28295000
29002000
28183500
28126500
28203000
28965000
28938000
28187000
28889000
28290000
28895000
28937500
29012000
28231000
29026000
28906000
28207500
28990000
29691500
28296000
28969500
28202500
29020000
28230500
28334000
29675000
28216500
28973500
28296000
28820000
28813000
29711000
28096000
28898000
28191000
28878000
28826500
29657500
28749000
29609500
28259500
29561000
28914500
29626500
28282500
28096000
28127500
28151000
28154500
28949000
28886500
27959000
28245000
29617000
28167500
28137000
28107000
28224000
28081500
28271000
28679500
28161000
29728500
28188000
28265500
28836500
28123000
28140000
28276000
28250000
28243000
28242000
28960000
28180000
28890000
28271000
28205500
28139500
28170000
29516500
28270500
28907500
28227500
28932500
29583500
28142000
28121500
28958000
29564000
28200500
28216000
28180500
28169500
28233000
28201000
28883500
28136500
28182500
28918500
28869000
28689500
28956000
28329500
28233000
28188500
28920000
28287500
28787500
28236000
28221000
28731000
28166000
29615000
28866000
29015000
28936000
28166000
28262000
28230500
28902000
28884500
29013000
28145500
28268000
28234500
28194500
28940000
28272500
28222000
28080500
28230500
28205000
29692000
28902500
28183500
29658500
28279500
28039500
28058500
28928000
28235500
29710500
28265500
28229000
28267500
28154500
28131000
28235500
28771500
28895000
28169000
28180000
28182000
28983500
28916500
28974000
28838000
28872500
28260500
28229000
28312500
29634000
28180000
29566000
28919500
28163500
28223000
28126000
28288000
28874500
29670500
29566500
28912500
28248000
28093500
28961000
28304500
28358000
28074000
28919000
28196500
28932000
29554500
29632500
28853500
28828000
28978500
29483500
28151000
28846500
28969000
28171000
28233500
28820500
28715000
28120000
28899000
29001500
30235500
28875500
29647000
28976500
28093500
28896000
28991500
28961000
28247000
28917500
28954000
28154000
28957000
28812500
28148000
28290000
28089000
28259000
29701000
28929500
28178000
28851500
28999000
28855000
28243000
28234500
28274000
29589500
29373500
28169500
28061000
28241000
28071000
28782000
28327500
28211000
28275500
28269500
28891000
29503500
28929000
28086000
28903000
28245000
28158500
28772000
28158000
28054000
28190500
30112500
28692000
28160000
28219500
29689500
28223000
28258000
28172000
28927000
28177000
28267500
28308000
28208500
28975500
28143000
28223000
29012500
28256500
28141000
28181500
30167500
28159500
29504000
28813000
28273500
28907500
28088500
28880000
28173500
28270500
28973000
28213000
28207500
28298000
28922500
28212000
28100500
28864000
28243000
28219000
29009500
28186000
28131000
28939500
28170000
28141000
28224500
28268500
28198500
28905000
28981000
28835500
28927000
28244500
28875500
28925500
28211000
28240500
28898500
28172000
29700000
28925000
28239500
28999000
28277000
28221500
28196000
29694000
28297500
28241500
28234000
28100000
29558500
29508000
28213000
28127500
28968500
28897000
29700000
28125000
29690500
28814000
28286000
29655000
28207000
28209500
28073500
28905000
29607000
28321500
28887500
28266000
28949000
28974500
28293500
28151000
28866000
28942000
29721500
28305000
29682500
28874000
28100500
28869500
28232000
28196000
28228000
28121500
28183500
28091000
28965500
28317500
28975500
29673000
28228000
28835500
28212500
29617500
28182500
28934500
28956500
28283000
28235500
28139500
28243500
28273500
28261500
28295500
28209500
28230500
28311000
28317500
28125500
28926000
28261500
28180500
28260500
28198000
28834500
28260000
28880000
28153000
28899500
28899000
29600500
28199500
28908500
28197000
28197000
28111000
28825500
28277500
28875500
29017500
28799000
28945000
28170000
28028500
28273500
29702000
28059000
28153000
28283000
28167500
28695500
28956000
28237000
28770500
28237000
28914000
28274500
28054500
28246000
28926500
28955000
28850500
28112500
29591000
28205500
28873000
28907000
28205000
29019000
28964000
28869500
28282500
28287000
28197500
28961500
28254000
28239500
28191000
28908000
28132000
28243500
28892000
28232500
28209500
28216000
29548000
28086500
28082500
28207500
28289000
28272500
28949000
28910000
28465500
28264000
28217500
28926000
29655000
28212000
28899000
28872000
28219500
28314000
29535500
28180500
28325000
28174500
28277000
28251500
28948500
28033000
28932000
29605500
28256000
28320000
28245500
28188500
28179500
28841500
28997000
29043500
28154000
28882000
28855500
28202500
28222500
28276000
28956500
28234000
28052500
28204500
28895000
28948000
28819500
28241500
28845000
29011500
28668000
28713500
28230500
28198000
28987000
28082000
28141000
28220500
29619000
28162000
28273500
28838000
29019000
28992000
28185000
28237000
28212500
28837000
28275000
28318000
28288000
28313500
28881000
28154000
28915500
28204000
28847500
28088500
28260000
28210000
29640000
28228500
28184500
29444000
28133000
28247000
28211000
28200500
28925000
28164000
28827500
28179000
28935500
28176500
30372500
28144500
28765500
28202500
28289500
28228500
28272500
28258500
28211500
28280500
28120500
28218500
28836500
28213500
29022500
28886000
28130000
29013000
28961000
28216000
28174500
28951000
28849000
28184000
28879000
28243500
29089500
28964500
28226000
28285500
28244500
28195500
29569000
28170000
28781000
28241000
28298500
28924500
28340500
28257000
28170500
29014500
28893500
28234000
28915000
29004000
29618500
28123500
28880500
29624000
28270500
29025500
29675500
28230000
28312500
28781500
28246500
28281000
28966500
28211000
28268000
28957500
28185000
28906000
28309500
28211500
28178000
28177000
28861000
28148000
28690000
29000500
28891000
28918000
28260500
28929000
28188000
29010500
28907000
28902000
28921500
28182500
28276000
28081500
28072500
28006500
28882500
28107500
28247000
28828500
29589500
28240000
29479000
28072500
28243500
28962000
29595000
28327000
28244000
28133500
28897500
28822000
28217000
28901500
28884500
29549000
28888000
28792000
28913500
28831000
28203000
28887500
28262500
28172500
28235000
28167500
29631500
28286500
28960000
28101500
28984500
28279500
28901000
28149000
29012000
28305500
28865500
28287000
28118000
28264000
28715500
28269000
28773500
28245000
28312500
29638000
28281000
28789000
28940500
28250000
28994000
28342000
29590500
28254500
28163000
28245500
28945500
28163500
28315500
28205000
29497000
28252500
28963000
29672000
28165500
28790000
28937000
28992000
29660000
28926500
28212500
28182000
28218000
28160000
28354500
28169500
28885500
28251000
28922500
28220000
28218500
28191000
28974000
28213000
28119000
28099000
28960000
28198500
28280500
28792000
28227500
28134000
28176000
28250500
28112000
29005000
28228500
28893500
28955500
28090000
28133000
28180500
28223500
28858000
28866500
28170000
28215000
28346000
28227500
28226500
28315000
28181500
28938000
28223500
29468000
28201000
28238000
28848500
28173500
28167500
28114500
28939000
28766500
28140500
28318000
28241000
28220500
28927500
28334500
28954500
28837000
28218000
28745500
28214500
28237500
28842500
28966500
28769500
28235500
28132500
28148500
28212000
28260500
28095000
28205000
28191000
28253000
28124000
28229000
28903500
29695500
29579000
28907000
28245000
28192000
28886500
28900500
28823000
28167500
29632500
28255500
28916000
28162500
28194500
29517000
28938500
28973000
28838500
28305500
29639500
29520500
28197000
30178000
28275500
28187500
28897500
28870000
28155500
28879500
28236000
28828000
28709000
28164000
28827000
29717500
28184000
28904000
28223000
28102000
28201000
28930000
28877500
29466500
28280000
29013500
28278000
28097500
28976000
28204000
28894500
28157500
28914500
28112000
28311500
28317500
29597500
28880000
28890500
28155500
28781000
28190000
29529500
29633000
28088000
28272000
28900500
28187500
28907000
28279500
28989500
28844500
28195500
28928000
28255500
28179500
28137500
27989000
28319500
28976500
29623000
28193500
29565500
28069500
28290000
28266000
28875000
28207500
28270000
28322500
28283000
28902000
28934000
28128500
28303500
28112500
28194500
28146500
28216000
28203500
28884000
29718000
28258500
28782500
28120500
28196000
28209500
28120500
28878500
29619500
28909500
28243000
28858000
28232500
28162500
28935500
28879000
28251000
28939000
28929000
28920500
28214000
28703500
28147000
28217500
28268500
28209000
28964000
28300000
28936000
28999000
28219000
28215000
28239000
29719500
28160500
28179000
28892500
28338000
28258000
28221500
28767000
29590000
28213500
28265000
28922500
28197500
28159000
28141000
28925000
28239000
28163500
28928000
28874000
28268000
28978000
28157500
28316500
28915000
28269000
28922500
28202500
28925500
28248000
28169500
28281500
28276500
28129000
28160500
28166500
30382000
28305000
28007500
29575000
29634000
29028000
28196000
28187500
29662500
28906500
28900500
28833000
28150500
28224500
28272500
29597000
28263500
28182000
28260000
28250000
28181500
28084500
28165500
28201500
28119500
28251500
28240000
28899500
29689500
28286000
28926500
28868500
28084500
28214500
28297000
28186000
29010000
28275500
28129500
29641500
28977000
28903000
30261500
28845500
27982500
28235000
28214000
28158000
29651500
28149000
28866000
28288000
28149000
28831500
28771000
28186000
28913000
28226000
28256000
28831000
28875500
28127000
28246000
28221500
28891500
28153000
28223500
28179000
28875000
29621500
29019500
28183000
28083500
28214000
28084000
29608500
28157500
28218000
28223000
28949000
28887500
28708000
28325000
28200500
28158500
28326000
28281500
28207500
28151000
28182000
28200500
28245500
30190000
29649500
28198500
28220000
28901000
28066500
29630000
28245000
28868500
28954500
28334500
28292000
28251500
28158500
28989000
28268000
28884500
28930500
28951500
28292000
28273000
28947500
29619000
28203000
28316500
28949000
28773000
28259500
28223000
28207000
28298000
28924500
28119500
28258000
28220500
28146500
29669500
29567500
28226000
28217000
29574000
28253000
28314000
28665000
28220500
28940500
28913500
28247000
28264000
28958500
28126000
28202500
28784000
28231500
28929000
28854000
28243000
28257500
28847500
28061000
28901500
28119500
28210000
28851500
28828500
28855500
28946000
28112000
28846000
28844500
28191500
28222500
28169000
28875500
28140500
28119000
28226500
28912000
28209000
28899000
28053000
28934000
28037500
28237000
28233000
28088500
28921500
28253500
28200000
28274500
28885500
28999000
28083000
29455500
28144000
28231000
28927000
28256000
28389500
28268000
28908000
28203000
28337000
28162000
28111000
29544500
28749500
28809500
28270500
28989000
28228500
28876000
28268500
28252000
28967500
28211000
28147000
29666000
29038000
28272500
28903000
28905000
28279000
28161500
28210500
28910500
28263500
28145000
27977500
28193500
29657500
28176000
28194500
28207500
28234500
28146000
28916000
28121000
28983500
28200000
28185000
28892500
28223000
28317500
28989500
28869000
28152000
28180500
28923000
28150500
28237000
28823000
28875500
28972500
28270000
28297500
28952500
28241500
28211500
28899000
28209500
28280000
28208000
28214000
28953500
28896500
28266500
28930000
28243000
28123000
28296500
28251500
29660000
29604000
28929500
28215500
28150500
28132000
28714000
28943000
28960500
28191500
28901500
28900500
28194500
28126500
28950000
29018000
28231000
28178500
28912000
29575000
28243500
28023000
28029000
28210500
28866000
28234500
28976000
28252500
28232000
28261500
29030500
28158000
28330500
28838000
28865500
28805500
28908000
28231000
28981000
28160500
28170000
28203500
28112000
28257000
28910000
28176500
29700000
28271000
28248500
28202000
28172000
28144000
28237000
28241500
28776500
29012500
28807500
28951000
28160000
29615000
28131500
28970500
28227000
28212000
28159000
28926500
28328500
29605500
28174500
28143000
28245000
28877000
28197000
28181000
28201000
30120500
28173000
28818500
28246000
28869000
28086500
28934000
28100000
28288500
28947500
28503000
28180000
28237000
28247500
28321000
28248500
28171500
28963000
28878500
28307500
28845500
28264000
28895000
28957500
28202000
28188000
28211000
28166500
28982000
29600500
28172500
28943000
28264000
29001000
28209500
28242500
28114500
28262000
28903000
28907000
28267500
29033000
29648500
28989500
28292000
28238000
29392000
28888000
29675500
28031500
29552000
28837500
28309000
28264500
29665000
28895500
28999000
28258000
28273000
28201500
28140500
29507500
28217500
28189000
29565500
28196500
28247000
28230000
28147500
28900500
30229000
28849500
28912000
30213000
28804500
28859500
28812000
28241500
28194000
28871500
28234500
28081500
28121500
28292500
28943500
29692000
28826000
28157000
28230500
29720000
28158000
28970000
29680000
28966500
28262500
28797000
28281500
28850000
28948500
28166000
28194000
28223500
28872000
30356500
29616500
28887000
28242500
28901000
28916000
28176000
28198000
28184000
28243000
28933500
28934000
28770500
28799000
28802000
28294500
28169000
28285500
29022000
28179000
28973000
28164000
28907000
28865500
28154000
28239500
28250000
28803000
28280500
28866000
28178500
28220000
28720000
28194500
28070500
28275500
28273500
28347500
28798000
28879000
28127500
28230000
28199000
28153500
28194500
28846000
28954500
28215500
28192500
30244500
28179000
28291500
28865500
28187500
28959500
28298000
28850000
28896500
28979000
28888500
28233500
28173500
28244000
28319500
28188000
28145500
28237500
28867000
28988000
28187000
28874500
28290500
28871500
28940000
28960500
28216000
28184500
28256500
28361000
28170000
28249500
28279000
28185000
28078000
28251000
28885000
29037500
28188500
28206000
28268000
29046000
28215000
28307500
28242500
28208500
28941000
28837500
28210500
28215500
28228000
28920500
28234500
28252500
28872500
28129000
28359500
28248500
28245500
28917500
28188000
28241500
28150000
28234000
28904000
28864000
28239500
28212000
28830500
28283000
28294500
28800500
28203000
28287000
28279500
28171000
28795000
28046500
28331500
28968500
28101000
28921000
28752500
28269000
28859000
28261500
28260500
28231000
29583500
29017500
28260000
28175000
28929000
28207000
28215000
28130000
28999500
28955000
28015000
28214000
28340000
28043500
28151500
28188000
28188500
28967000
28170500
28348500
28266500
28173500
29615000
28205000
28195500
28186500
28150000
28258500
28273000
28193000
29447500
29592500
28658500
28172000
28296500
28119500
28275500
28121500
28884500
28087500
28239000
28805000
28276500
29013500
28246000
28927000
28930000
28109000
28237500
28204500
28119500
28915000
28238000
28198500
28810000
28206500
28324000
28934500
28182000
28207000
28848000
28264000
28859000
28207000
28848500
28202000
28719000
28201500
28214000
28293000
28228000
28179500
28261000
28249000
28187000
28825500
28190500
28893500
28188000
28871000
28900500
28244000
28257000
29524000
29027000
28135500
28202500
28040500
28191500
28250500
28288000
28901000
29561000
28258500
28288000
28901500
28236000
28888500
27916500
28940500
28185000
28952000
28193000
28250500
29655000
28240000
28932000
28868500
28267500
29645000
28980000
28167000
28921500
28228000
28157000
28881000
28886500
28094000
28946500
28177500
28182000
28795500
28248500
28176500
28897000
28954000
28222500
29697500
28166000
28310500
28951500
28232000
28985000
28169000
28250500
29597500
28166000
28676000
28125000
28191000
28855000
28900000
28914000
28182500
28172500
30277500
28858000
28059500
28064000
28879500
29009000
28335500
28887500
28279000
28934500
28332000
28334000
28195000
28207000
28948000
29011500
28960000
28232500
28961000
28228000
28857500
28217000
29001000
28291500
28963000
28208500
28171000
29505500
28809500
28273500
28889500
28282500
28226000
28206500
28921000
28910000
28640500
28096000
28223000
28825500
28231000
29600000
28295500
28223000
29654500
28993000
28223500
28028000
28310500
28810500
28299500
28217500
28266500
28864000
28264500
28180000
29465000
28894500
28119500
28272500
28903000
28974000
28898500
28894500
28911500
28238000
28182500
28195000
28185000
28166000
28780500
28857000
28136500
28165500
28280000
28801500
28237000
28992000
28852500
28871500
28200000
28226500
28866000
28151500
28279000
29615000
28138000
29637500
28220000
28970500
28258500
28223000
28869000
28126500
28258000
29661500
29626500
28066000
28956000
28199500
28838000
28860500
28921000
28299000
28238000
28891000
28258000
28221000
28107000
28858500
28131000
28875500
29620500
28139000
28926500
28202000
28832500
28161000
28876500
28269000
28825000
28290500
28176000
28211500
28268000
28237500
28217500
28082500
28943500
28257000
28154000
28229500
28283000
28187000
28243500
29604000
28210500
28857500
28882000
28182500
28200000
28881500
29514500
28932500
28197000
28916000
28229500
28180500
28229500
28212500
28214500
28966500
28924000
28920000
28255000
28848000
28312500
28217000
28890000
28174500
28144500
28144500
28302000
28214000
27974500
28013500
28277000
28148000
28879000
28788500
28115000
